n = 12
m = 66

c_1 = {1,2,3,4,5,6,7,8,9,10,11,12}
c_2 = {1,2,3,4,5,6,7,8,9,10,11,12}
c_3 = {1,2,3,4,5,6,7,8,9,10,11,12}
c_4 = {1,2,3,4,5,6,7,8,9,10,11,12}
c_5 = {1,2,3,4,5,6,7,8,9,10,11,12}
c_6 = {1,2,3,4,5,6,7,8,9,10,11,12}
c_7 = {1,2,3,4,5,6,7,8,9,10,11,12}
c_8 = {1,2,3,4,5,6,7,8,9,10,11,12}
c_9 = {1,2,3,4,5,6,7,8,9,10,11,12}
c_10 = {1,2,3,4,5,6,7,8,9,10,11,12}
c_11 = {1,2,3,4,5,6,7,8,9,10,11,12}
c_12 = {1,2,3,4,5,6,7,8,9,10,11,12}

C-c_1-c_2 = {(1, 3),(1, 4),(1, 5),(1, 6),(1, 7),(1, 8),(1, 9),(1, 10),(1, 11),(1, 12),(2, 4),(2, 5),(2, 6),(2, 7),(2, 8),(2, 9),(2, 10),(2, 11),(2, 12),(3, 1),(3, 5),(3, 6),(3, 7),(3, 8),(3, 9),(3, 10),(3, 11),(3, 12),(4, 1),(4, 2),(4, 6),(4, 7),(4, 8),(4, 9),(4, 10),(4, 11),(4, 12),(5, 1),(5, 2),(5, 3),(5, 7),(5, 8),(5, 9),(5, 10),(5, 11),(5, 12),(6, 1),(6, 2),(6, 3),(6, 4),(6, 8),(6, 9),(6, 10),(6, 11),(6, 12),(7, 1),(7, 2),(7, 3),(7, 4),(7, 5),(7, 9),(7, 10),(7, 11),(7, 12),(8, 1),(8, 2),(8, 3),(8, 4),(8, 5),(8, 6),(8, 10),(8, 11),(8, 12),(9, 1),(9, 2),(9, 3),(9, 4),(9, 5),(9, 6),(9, 7),(9, 11),(9, 12),(10, 1),(10, 2),(10, 3),(10, 4),(10, 5),(10, 6),(10, 7),(10, 8),(10, 12),(11, 1),(11, 2),(11, 3),(11, 4),(11, 5),(11, 6),(11, 7),(11, 8),(11, 9),(12, 1),(12, 2),(12, 3),(12, 4),(12, 5),(12, 6),(12, 7),(12, 8),(12, 9),(12, 10)}
C-c_1-c_3 = {(1, 2),(1, 4),(1, 5),(1, 6),(1, 7),(1, 8),(1, 9),(1, 10),(1, 11),(1, 12),(2, 1),(2, 3),(2, 5),(2, 6),(2, 7),(2, 8),(2, 9),(2, 10),(2, 11),(2, 12),(3, 2),(3, 4),(3, 6),(3, 7),(3, 8),(3, 9),(3, 10),(3, 11),(3, 12),(4, 1),(4, 3),(4, 5),(4, 7),(4, 8),(4, 9),(4, 10),(4, 11),(4, 12),(5, 1),(5, 2),(5, 4),(5, 6),(5, 8),(5, 9),(5, 10),(5, 11),(5, 12),(6, 1),(6, 2),(6, 3),(6, 5),(6, 7),(6, 9),(6, 10),(6, 11),(6, 12),(7, 1),(7, 2),(7, 3),(7, 4),(7, 6),(7, 8),(7, 10),(7, 11),(7, 12),(8, 1),(8, 2),(8, 3),(8, 4),(8, 5),(8, 7),(8, 9),(8, 11),(8, 12),(9, 1),(9, 2),(9, 3),(9, 4),(9, 5),(9, 6),(9, 8),(9, 10),(9, 12),(10, 1),(10, 2),(10, 3),(10, 4),(10, 5),(10, 6),(10, 7),(10, 9),(10, 11),(11, 1),(11, 2),(11, 3),(11, 4),(11, 5),(11, 6),(11, 7),(11, 8),(11, 10),(11, 12),(12, 1),(12, 2),(12, 3),(12, 4),(12, 5),(12, 6),(12, 7),(12, 8),(12, 9),(12, 11)}
C-c_1-c_4 = {(1, 2),(1, 3),(1, 5),(1, 6),(1, 7),(1, 8),(1, 9),(1, 10),(1, 11),(1, 12),(2, 1),(2, 3),(2, 4),(2, 6),(2, 7),(2, 8),(2, 9),(2, 10),(2, 11),(2, 12),(3, 1),(3, 2),(3, 4),(3, 5),(3, 7),(3, 8),(3, 9),(3, 10),(3, 11),(3, 12),(4, 2),(4, 3),(4, 5),(4, 6),(4, 8),(4, 9),(4, 10),(4, 11),(4, 12),(5, 1),(5, 3),(5, 4),(5, 6),(5, 7),(5, 9),(5, 10),(5, 11),(5, 12),(6, 1),(6, 2),(6, 4),(6, 5),(6, 7),(6, 8),(6, 10),(6, 11),(6, 12),(7, 1),(7, 2),(7, 3),(7, 5),(7, 6),(7, 8),(7, 9),(7, 11),(7, 12),(8, 1),(8, 2),(8, 3),(8, 4),(8, 6),(8, 7),(8, 9),(8, 10),(8, 12),(9, 1),(9, 2),(9, 3),(9, 4),(9, 5),(9, 7),(9, 8),(9, 10),(9, 11),(10, 1),(10, 2),(10, 3),(10, 4),(10, 5),(10, 6),(10, 8),(10, 9),(10, 11),(10, 12),(11, 1),(11, 2),(11, 3),(11, 4),(11, 5),(11, 6),(11, 7),(11, 9),(11, 10),(11, 12),(12, 1),(12, 2),(12, 3),(12, 4),(12, 5),(12, 6),(12, 7),(12, 8),(12, 10),(12, 11)}
C-c_1-c_5 = {(1, 2),(1, 3),(1, 4),(1, 6),(1, 7),(1, 8),(1, 9),(1, 10),(1, 11),(1, 12),(2, 1),(2, 3),(2, 4),(2, 5),(2, 7),(2, 8),(2, 9),(2, 10),(2, 11),(2, 12),(3, 1),(3, 2),(3, 4),(3, 5),(3, 6),(3, 8),(3, 9),(3, 10),(3, 11),(3, 12),(4, 1),(4, 2),(4, 3),(4, 5),(4, 6),(4, 7),(4, 9),(4, 10),(4, 11),(4, 12),(5, 2),(5, 3),(5, 4),(5, 6),(5, 7),(5, 8),(5, 10),(5, 11),(5, 12),(6, 1),(6, 3),(6, 4),(6, 5),(6, 7),(6, 8),(6, 9),(6, 11),(6, 12),(7, 1),(7, 2),(7, 4),(7, 5),(7, 6),(7, 8),(7, 9),(7, 10),(7, 12),(8, 1),(8, 2),(8, 3),(8, 5),(8, 6),(8, 7),(8, 9),(8, 10),(8, 11),(9, 1),(9, 2),(9, 3),(9, 4),(9, 6),(9, 7),(9, 8),(9, 10),(9, 11),(9, 12),(10, 1),(10, 2),(10, 3),(10, 4),(10, 5),(10, 7),(10, 8),(10, 9),(10, 11),(10, 12),(11, 1),(11, 2),(11, 3),(11, 4),(11, 5),(11, 6),(11, 8),(11, 9),(11, 10),(11, 12),(12, 1),(12, 2),(12, 3),(12, 4),(12, 5),(12, 6),(12, 7),(12, 9),(12, 10),(12, 11)}
C-c_1-c_6 = {(1, 2),(1, 3),(1, 4),(1, 5),(1, 7),(1, 8),(1, 9),(1, 10),(1, 11),(1, 12),(2, 1),(2, 3),(2, 4),(2, 5),(2, 6),(2, 8),(2, 9),(2, 10),(2, 11),(2, 12),(3, 1),(3, 2),(3, 4),(3, 5),(3, 6),(3, 7),(3, 9),(3, 10),(3, 11),(3, 12),(4, 1),(4, 2),(4, 3),(4, 5),(4, 6),(4, 7),(4, 8),(4, 10),(4, 11),(4, 12),(5, 1),(5, 2),(5, 3),(5, 4),(5, 6),(5, 7),(5, 8),(5, 9),(5, 11),(5, 12),(6, 2),(6, 3),(6, 4),(6, 5),(6, 7),(6, 8),(6, 9),(6, 10),(6, 12),(7, 1),(7, 3),(7, 4),(7, 5),(7, 6),(7, 8),(7, 9),(7, 10),(7, 11),(8, 1),(8, 2),(8, 4),(8, 5),(8, 6),(8, 7),(8, 9),(8, 10),(8, 11),(8, 12),(9, 1),(9, 2),(9, 3),(9, 5),(9, 6),(9, 7),(9, 8),(9, 10),(9, 11),(9, 12),(10, 1),(10, 2),(10, 3),(10, 4),(10, 6),(10, 7),(10, 8),(10, 9),(10, 11),(10, 12),(11, 1),(11, 2),(11, 3),(11, 4),(11, 5),(11, 7),(11, 8),(11, 9),(11, 10),(11, 12),(12, 1),(12, 2),(12, 3),(12, 4),(12, 5),(12, 6),(12, 8),(12, 9),(12, 10),(12, 11)}
C-c_1-c_7 = {(1, 2),(1, 3),(1, 4),(1, 5),(1, 6),(1, 8),(1, 9),(1, 10),(1, 11),(1, 12),(2, 1),(2, 3),(2, 4),(2, 5),(2, 6),(2, 7),(2, 9),(2, 10),(2, 11),(2, 12),(3, 1),(3, 2),(3, 4),(3, 5),(3, 6),(3, 7),(3, 8),(3, 10),(3, 11),(3, 12),(4, 1),(4, 2),(4, 3),(4, 5),(4, 6),(4, 7),(4, 8),(4, 9),(4, 11),(4, 12),(5, 1),(5, 2),(5, 3),(5, 4),(5, 6),(5, 7),(5, 8),(5, 9),(5, 10),(5, 12),(6, 1),(6, 2),(6, 3),(6, 4),(6, 5),(6, 7),(6, 8),(6, 9),(6, 10),(6, 11),(7, 2),(7, 3),(7, 4),(7, 5),(7, 6),(7, 8),(7, 9),(7, 10),(7, 11),(7, 12),(8, 1),(8, 3),(8, 4),(8, 5),(8, 6),(8, 7),(8, 9),(8, 10),(8, 11),(8, 12),(9, 1),(9, 2),(9, 4),(9, 5),(9, 6),(9, 7),(9, 8),(9, 10),(9, 11),(9, 12),(10, 1),(10, 2),(10, 3),(10, 5),(10, 6),(10, 7),(10, 8),(10, 9),(10, 11),(10, 12),(11, 1),(11, 2),(11, 3),(11, 4),(11, 6),(11, 7),(11, 8),(11, 9),(11, 10),(11, 12),(12, 1),(12, 2),(12, 3),(12, 4),(12, 5),(12, 7),(12, 8),(12, 9),(12, 10),(12, 11)}
C-c_1-c_8 = {(1, 2),(1, 3),(1, 4),(1, 5),(1, 6),(1, 7),(1, 9),(1, 10),(1, 11),(1, 12),(2, 1),(2, 3),(2, 4),(2, 5),(2, 6),(2, 7),(2, 8),(2, 10),(2, 11),(2, 12),(3, 1),(3, 2),(3, 4),(3, 5),(3, 6),(3, 7),(3, 8),(3, 9),(3, 11),(3, 12),(4, 1),(4, 2),(4, 3),(4, 5),(4, 6),(4, 7),(4, 8),(4, 9),(4, 10),(4, 12),(5, 1),(5, 2),(5, 3),(5, 4),(5, 6),(5, 7),(5, 8),(5, 9),(5, 10),(5, 11),(6, 1),(6, 2),(6, 3),(6, 4),(6, 5),(6, 7),(6, 8),(6, 9),(6, 10),(6, 11),(6, 12),(7, 1),(7, 2),(7, 3),(7, 4),(7, 5),(7, 6),(7, 8),(7, 9),(7, 10),(7, 11),(7, 12),(8, 2),(8, 3),(8, 4),(8, 5),(8, 6),(8, 7),(8, 9),(8, 10),(8, 11),(8, 12),(9, 1),(9, 3),(9, 4),(9, 5),(9, 6),(9, 7),(9, 8),(9, 10),(9, 11),(9, 12),(10, 1),(10, 2),(10, 4),(10, 5),(10, 6),(10, 7),(10, 8),(10, 9),(10, 11),(10, 12),(11, 1),(11, 2),(11, 3),(11, 5),(11, 6),(11, 7),(11, 8),(11, 9),(11, 10),(11, 12),(12, 1),(12, 2),(12, 3),(12, 4),(12, 6),(12, 7),(12, 8),(12, 9),(12, 10),(12, 11)}
C-c_1-c_9 = {(1, 2),(1, 3),(1, 4),(1, 5),(1, 6),(1, 7),(1, 8),(1, 10),(1, 11),(1, 12),(2, 1),(2, 3),(2, 4),(2, 5),(2, 6),(2, 7),(2, 8),(2, 9),(2, 11),(2, 12),(3, 1),(3, 2),(3, 4),(3, 5),(3, 6),(3, 7),(3, 8),(3, 9),(3, 10),(3, 12),(4, 1),(4, 2),(4, 3),(4, 5),(4, 6),(4, 7),(4, 8),(4, 9),(4, 10),(4, 11),(5, 1),(5, 2),(5, 3),(5, 4),(5, 6),(5, 7),(5, 8),(5, 9),(5, 10),(5, 11),(5, 12),(6, 1),(6, 2),(6, 3),(6, 4),(6, 5),(6, 7),(6, 8),(6, 9),(6, 10),(6, 11),(6, 12),(7, 1),(7, 2),(7, 3),(7, 4),(7, 5),(7, 6),(7, 8),(7, 9),(7, 10),(7, 11),(7, 12),(8, 1),(8, 2),(8, 3),(8, 4),(8, 5),(8, 6),(8, 7),(8, 9),(8, 10),(8, 11),(8, 12),(9, 2),(9, 3),(9, 4),(9, 5),(9, 6),(9, 7),(9, 8),(9, 10),(9, 11),(9, 12),(10, 1),(10, 3),(10, 4),(10, 5),(10, 6),(10, 7),(10, 8),(10, 9),(10, 11),(10, 12),(11, 1),(11, 2),(11, 4),(11, 5),(11, 6),(11, 7),(11, 8),(11, 9),(11, 10),(11, 12),(12, 1),(12, 2),(12, 3),(12, 5),(12, 6),(12, 7),(12, 8),(12, 9),(12, 10),(12, 11)}
C-c_1-c_10 = {(1, 2),(1, 3),(1, 4),(1, 5),(1, 6),(1, 7),(1, 8),(1, 9),(1, 11),(1, 12),(2, 1),(2, 3),(2, 4),(2, 5),(2, 6),(2, 7),(2, 8),(2, 9),(2, 10),(2, 12),(3, 1),(3, 2),(3, 4),(3, 5),(3, 6),(3, 7),(3, 8),(3, 9),(3, 10),(3, 11),(4, 1),(4, 2),(4, 3),(4, 5),(4, 6),(4, 7),(4, 8),(4, 9),(4, 10),(4, 11),(4, 12),(5, 1),(5, 2),(5, 3),(5, 4),(5, 6),(5, 7),(5, 8),(5, 9),(5, 10),(5, 11),(5, 12),(6, 1),(6, 2),(6, 3),(6, 4),(6, 5),(6, 7),(6, 8),(6, 9),(6, 10),(6, 11),(6, 12),(7, 1),(7, 2),(7, 3),(7, 4),(7, 5),(7, 6),(7, 8),(7, 9),(7, 10),(7, 11),(7, 12),(8, 1),(8, 2),(8, 3),(8, 4),(8, 5),(8, 6),(8, 7),(8, 9),(8, 10),(8, 11),(8, 12),(9, 1),(9, 2),(9, 3),(9, 4),(9, 5),(9, 6),(9, 7),(9, 8),(9, 10),(9, 11),(9, 12),(10, 2),(10, 3),(10, 4),(10, 5),(10, 6),(10, 7),(10, 8),(10, 9),(10, 11),(10, 12),(11, 1),(11, 3),(11, 4),(11, 5),(11, 6),(11, 7),(11, 8),(11, 9),(11, 10),(11, 12),(12, 1),(12, 2),(12, 4),(12, 5),(12, 6),(12, 7),(12, 8),(12, 9),(12, 10),(12, 11)}
C-c_1-c_11 = {(1, 2),(1, 3),(1, 4),(1, 5),(1, 6),(1, 7),(1, 8),(1, 9),(1, 10),(1, 12),(2, 1),(2, 3),(2, 4),(2, 5),(2, 6),(2, 7),(2, 8),(2, 9),(2, 10),(2, 11),(3, 1),(3, 2),(3, 4),(3, 5),(3, 6),(3, 7),(3, 8),(3, 9),(3, 10),(3, 11),(3, 12),(4, 1),(4, 2),(4, 3),(4, 5),(4, 6),(4, 7),(4, 8),(4, 9),(4, 10),(4, 11),(4, 12),(5, 1),(5, 2),(5, 3),(5, 4),(5, 6),(5, 7),(5, 8),(5, 9),(5, 10),(5, 11),(5, 12),(6, 1),(6, 2),(6, 3),(6, 4),(6, 5),(6, 7),(6, 8),(6, 9),(6, 10),(6, 11),(6, 12),(7, 1),(7, 2),(7, 3),(7, 4),(7, 5),(7, 6),(7, 8),(7, 9),(7, 10),(7, 11),(7, 12),(8, 1),(8, 2),(8, 3),(8, 4),(8, 5),(8, 6),(8, 7),(8, 9),(8, 10),(8, 11),(8, 12),(9, 1),(9, 2),(9, 3),(9, 4),(9, 5),(9, 6),(9, 7),(9, 8),(9, 10),(9, 11),(9, 12),(10, 1),(10, 2),(10, 3),(10, 4),(10, 5),(10, 6),(10, 7),(10, 8),(10, 9),(10, 11),(10, 12),(11, 2),(11, 3),(11, 4),(11, 5),(11, 6),(11, 7),(11, 8),(11, 9),(11, 10),(11, 12),(12, 1),(12, 3),(12, 4),(12, 5),(12, 6),(12, 7),(12, 8),(12, 9),(12, 10),(12, 11)}
C-c_1-c_12 = {(1, 2),(1, 3),(1, 4),(1, 5),(1, 6),(1, 7),(1, 8),(1, 9),(1, 10),(1, 11),(2, 1),(2, 3),(2, 4),(2, 5),(2, 6),(2, 7),(2, 8),(2, 9),(2, 10),(2, 11),(2, 12),(3, 1),(3, 2),(3, 4),(3, 5),(3, 6),(3, 7),(3, 8),(3, 9),(3, 10),(3, 11),(3, 12),(4, 1),(4, 2),(4, 3),(4, 5),(4, 6),(4, 7),(4, 8),(4, 9),(4, 10),(4, 11),(4, 12),(5, 1),(5, 2),(5, 3),(5, 4),(5, 6),(5, 7),(5, 8),(5, 9),(5, 10),(5, 11),(5, 12),(6, 1),(6, 2),(6, 3),(6, 4),(6, 5),(6, 7),(6, 8),(6, 9),(6, 10),(6, 11),(6, 12),(7, 1),(7, 2),(7, 3),(7, 4),(7, 5),(7, 6),(7, 8),(7, 9),(7, 10),(7, 11),(7, 12),(8, 1),(8, 2),(8, 3),(8, 4),(8, 5),(8, 6),(8, 7),(8, 9),(8, 10),(8, 11),(8, 12),(9, 1),(9, 2),(9, 3),(9, 4),(9, 5),(9, 6),(9, 7),(9, 8),(9, 10),(9, 11),(9, 12),(10, 1),(10, 2),(10, 3),(10, 4),(10, 5),(10, 6),(10, 7),(10, 8),(10, 9),(10, 11),(10, 12),(11, 1),(11, 2),(11, 3),(11, 4),(11, 5),(11, 6),(11, 7),(11, 8),(11, 9),(11, 10),(11, 12),(12, 2),(12, 3),(12, 4),(12, 5),(12, 6),(12, 7),(12, 8),(12, 9),(12, 10),(12, 11)}
C-c_2-c_3 = {(1, 3),(1, 4),(1, 5),(1, 6),(1, 7),(1, 8),(1, 9),(1, 10),(1, 11),(1, 12),(2, 4),(2, 5),(2, 6),(2, 7),(2, 8),(2, 9),(2, 10),(2, 11),(2, 12),(3, 1),(3, 5),(3, 6),(3, 7),(3, 8),(3, 9),(3, 10),(3, 11),(3, 12),(4, 1),(4, 2),(4, 6),(4, 7),(4, 8),(4, 9),(4, 10),(4, 11),(4, 12),(5, 1),(5, 2),(5, 3),(5, 7),(5, 8),(5, 9),(5, 10),(5, 11),(5, 12),(6, 1),(6, 2),(6, 3),(6, 4),(6, 8),(6, 9),(6, 10),(6, 11),(6, 12),(7, 1),(7, 2),(7, 3),(7, 4),(7, 5),(7, 9),(7, 10),(7, 11),(7, 12),(8, 1),(8, 2),(8, 3),(8, 4),(8, 5),(8, 6),(8, 10),(8, 11),(8, 12),(9, 1),(9, 2),(9, 3),(9, 4),(9, 5),(9, 6),(9, 7),(9, 11),(9, 12),(10, 1),(10, 2),(10, 3),(10, 4),(10, 5),(10, 6),(10, 7),(10, 8),(10, 12),(11, 1),(11, 2),(11, 3),(11, 4),(11, 5),(11, 6),(11, 7),(11, 8),(11, 9),(12, 1),(12, 2),(12, 3),(12, 4),(12, 5),(12, 6),(12, 7),(12, 8),(12, 9),(12, 10)}
C-c_2-c_4 = {(1, 2),(1, 4),(1, 5),(1, 6),(1, 7),(1, 8),(1, 9),(1, 10),(1, 11),(1, 12),(2, 1),(2, 3),(2, 5),(2, 6),(2, 7),(2, 8),(2, 9),(2, 10),(2, 11),(2, 12),(3, 2),(3, 4),(3, 6),(3, 7),(3, 8),(3, 9),(3, 10),(3, 11),(3, 12),(4, 1),(4, 3),(4, 5),(4, 7),(4, 8),(4, 9),(4, 10),(4, 11),(4, 12),(5, 1),(5, 2),(5, 4),(5, 6),(5, 8),(5, 9),(5, 10),(5, 11),(5, 12),(6, 1),(6, 2),(6, 3),(6, 5),(6, 7),(6, 9),(6, 10),(6, 11),(6, 12),(7, 1),(7, 2),(7, 3),(7, 4),(7, 6),(7, 8),(7, 10),(7, 11),(7, 12),(8, 1),(8, 2),(8, 3),(8, 4),(8, 5),(8, 7),(8, 9),(8, 11),(8, 12),(9, 1),(9, 2),(9, 3),(9, 4),(9, 5),(9, 6),(9, 8),(9, 10),(9, 12),(10, 1),(10, 2),(10, 3),(10, 4),(10, 5),(10, 6),(10, 7),(10, 9),(10, 11),(11, 1),(11, 2),(11, 3),(11, 4),(11, 5),(11, 6),(11, 7),(11, 8),(11, 10),(11, 12),(12, 1),(12, 2),(12, 3),(12, 4),(12, 5),(12, 6),(12, 7),(12, 8),(12, 9),(12, 11)}
C-c_2-c_5 = {(1, 2),(1, 3),(1, 5),(1, 6),(1, 7),(1, 8),(1, 9),(1, 10),(1, 11),(1, 12),(2, 1),(2, 3),(2, 4),(2, 6),(2, 7),(2, 8),(2, 9),(2, 10),(2, 11),(2, 12),(3, 1),(3, 2),(3, 4),(3, 5),(3, 7),(3, 8),(3, 9),(3, 10),(3, 11),(3, 12),(4, 2),(4, 3),(4, 5),(4, 6),(4, 8),(4, 9),(4, 10),(4, 11),(4, 12),(5, 1),(5, 3),(5, 4),(5, 6),(5, 7),(5, 9),(5, 10),(5, 11),(5, 12),(6, 1),(6, 2),(6, 4),(6, 5),(6, 7),(6, 8),(6, 10),(6, 11),(6, 12),(7, 1),(7, 2),(7, 3),(7, 5),(7, 6),(7, 8),(7, 9),(7, 11),(7, 12),(8, 1),(8, 2),(8, 3),(8, 4),(8, 6),(8, 7),(8, 9),(8, 10),(8, 12),(9, 1),(9, 2),(9, 3),(9, 4),(9, 5),(9, 7),(9, 8),(9, 10),(9, 11),(10, 1),(10, 2),(10, 3),(10, 4),(10, 5),(10, 6),(10, 8),(10, 9),(10, 11),(10, 12),(11, 1),(11, 2),(11, 3),(11, 4),(11, 5),(11, 6),(11, 7),(11, 9),(11, 10),(11, 12),(12, 1),(12, 2),(12, 3),(12, 4),(12, 5),(12, 6),(12, 7),(12, 8),(12, 10),(12, 11)}
C-c_2-c_6 = {(1, 2),(1, 3),(1, 4),(1, 6),(1, 7),(1, 8),(1, 9),(1, 10),(1, 11),(1, 12),(2, 1),(2, 3),(2, 4),(2, 5),(2, 7),(2, 8),(2, 9),(2, 10),(2, 11),(2, 12),(3, 1),(3, 2),(3, 4),(3, 5),(3, 6),(3, 8),(3, 9),(3, 10),(3, 11),(3, 12),(4, 1),(4, 2),(4, 3),(4, 5),(4, 6),(4, 7),(4, 9),(4, 10),(4, 11),(4, 12),(5, 2),(5, 3),(5, 4),(5, 6),(5, 7),(5, 8),(5, 10),(5, 11),(5, 12),(6, 1),(6, 3),(6, 4),(6, 5),(6, 7),(6, 8),(6, 9),(6, 11),(6, 12),(7, 1),(7, 2),(7, 4),(7, 5),(7, 6),(7, 8),(7, 9),(7, 10),(7, 12),(8, 1),(8, 2),(8, 3),(8, 5),(8, 6),(8, 7),(8, 9),(8, 10),(8, 11),(9, 1),(9, 2),(9, 3),(9, 4),(9, 6),(9, 7),(9, 8),(9, 10),(9, 11),(9, 12),(10, 1),(10, 2),(10, 3),(10, 4),(10, 5),(10, 7),(10, 8),(10, 9),(10, 11),(10, 12),(11, 1),(11, 2),(11, 3),(11, 4),(11, 5),(11, 6),(11, 8),(11, 9),(11, 10),(11, 12),(12, 1),(12, 2),(12, 3),(12, 4),(12, 5),(12, 6),(12, 7),(12, 9),(12, 10),(12, 11)}
C-c_2-c_7 = {(1, 2),(1, 3),(1, 4),(1, 5),(1, 7),(1, 8),(1, 9),(1, 10),(1, 11),(1, 12),(2, 1),(2, 3),(2, 4),(2, 5),(2, 6),(2, 8),(2, 9),(2, 10),(2, 11),(2, 12),(3, 1),(3, 2),(3, 4),(3, 5),(3, 6),(3, 7),(3, 9),(3, 10),(3, 11),(3, 12),(4, 1),(4, 2),(4, 3),(4, 5),(4, 6),(4, 7),(4, 8),(4, 10),(4, 11),(4, 12),(5, 1),(5, 2),(5, 3),(5, 4),(5, 6),(5, 7),(5, 8),(5, 9),(5, 11),(5, 12),(6, 2),(6, 3),(6, 4),(6, 5),(6, 7),(6, 8),(6, 9),(6, 10),(6, 12),(7, 1),(7, 3),(7, 4),(7, 5),(7, 6),(7, 8),(7, 9),(7, 10),(7, 11),(8, 1),(8, 2),(8, 4),(8, 5),(8, 6),(8, 7),(8, 9),(8, 10),(8, 11),(8, 12),(9, 1),(9, 2),(9, 3),(9, 5),(9, 6),(9, 7),(9, 8),(9, 10),(9, 11),(9, 12),(10, 1),(10, 2),(10, 3),(10, 4),(10, 6),(10, 7),(10, 8),(10, 9),(10, 11),(10, 12),(11, 1),(11, 2),(11, 3),(11, 4),(11, 5),(11, 7),(11, 8),(11, 9),(11, 10),(11, 12),(12, 1),(12, 2),(12, 3),(12, 4),(12, 5),(12, 6),(12, 8),(12, 9),(12, 10),(12, 11)}
C-c_2-c_8 = {(1, 2),(1, 3),(1, 4),(1, 5),(1, 6),(1, 8),(1, 9),(1, 10),(1, 11),(1, 12),(2, 1),(2, 3),(2, 4),(2, 5),(2, 6),(2, 7),(2, 9),(2, 10),(2, 11),(2, 12),(3, 1),(3, 2),(3, 4),(3, 5),(3, 6),(3, 7),(3, 8),(3, 10),(3, 11),(3, 12),(4, 1),(4, 2),(4, 3),(4, 5),(4, 6),(4, 7),(4, 8),(4, 9),(4, 11),(4, 12),(5, 1),(5, 2),(5, 3),(5, 4),(5, 6),(5, 7),(5, 8),(5, 9),(5, 10),(5, 12),(6, 1),(6, 2),(6, 3),(6, 4),(6, 5),(6, 7),(6, 8),(6, 9),(6, 10),(6, 11),(7, 2),(7, 3),(7, 4),(7, 5),(7, 6),(7, 8),(7, 9),(7, 10),(7, 11),(7, 12),(8, 1),(8, 3),(8, 4),(8, 5),(8, 6),(8, 7),(8, 9),(8, 10),(8, 11),(8, 12),(9, 1),(9, 2),(9, 4),(9, 5),(9, 6),(9, 7),(9, 8),(9, 10),(9, 11),(9, 12),(10, 1),(10, 2),(10, 3),(10, 5),(10, 6),(10, 7),(10, 8),(10, 9),(10, 11),(10, 12),(11, 1),(11, 2),(11, 3),(11, 4),(11, 6),(11, 7),(11, 8),(11, 9),(11, 10),(11, 12),(12, 1),(12, 2),(12, 3),(12, 4),(12, 5),(12, 7),(12, 8),(12, 9),(12, 10),(12, 11)}
C-c_2-c_9 = {(1, 2),(1, 3),(1, 4),(1, 5),(1, 6),(1, 7),(1, 9),(1, 10),(1, 11),(1, 12),(2, 1),(2, 3),(2, 4),(2, 5),(2, 6),(2, 7),(2, 8),(2, 10),(2, 11),(2, 12),(3, 1),(3, 2),(3, 4),(3, 5),(3, 6),(3, 7),(3, 8),(3, 9),(3, 11),(3, 12),(4, 1),(4, 2),(4, 3),(4, 5),(4, 6),(4, 7),(4, 8),(4, 9),(4, 10),(4, 12),(5, 1),(5, 2),(5, 3),(5, 4),(5, 6),(5, 7),(5, 8),(5, 9),(5, 10),(5, 11),(6, 1),(6, 2),(6, 3),(6, 4),(6, 5),(6, 7),(6, 8),(6, 9),(6, 10),(6, 11),(6, 12),(7, 1),(7, 2),(7, 3),(7, 4),(7, 5),(7, 6),(7, 8),(7, 9),(7, 10),(7, 11),(7, 12),(8, 2),(8, 3),(8, 4),(8, 5),(8, 6),(8, 7),(8, 9),(8, 10),(8, 11),(8, 12),(9, 1),(9, 3),(9, 4),(9, 5),(9, 6),(9, 7),(9, 8),(9, 10),(9, 11),(9, 12),(10, 1),(10, 2),(10, 4),(10, 5),(10, 6),(10, 7),(10, 8),(10, 9),(10, 11),(10, 12),(11, 1),(11, 2),(11, 3),(11, 5),(11, 6),(11, 7),(11, 8),(11, 9),(11, 10),(11, 12),(12, 1),(12, 2),(12, 3),(12, 4),(12, 6),(12, 7),(12, 8),(12, 9),(12, 10),(12, 11)}
C-c_2-c_10 = {(1, 2),(1, 3),(1, 4),(1, 5),(1, 6),(1, 7),(1, 8),(1, 10),(1, 11),(1, 12),(2, 1),(2, 3),(2, 4),(2, 5),(2, 6),(2, 7),(2, 8),(2, 9),(2, 11),(2, 12),(3, 1),(3, 2),(3, 4),(3, 5),(3, 6),(3, 7),(3, 8),(3, 9),(3, 10),(3, 12),(4, 1),(4, 2),(4, 3),(4, 5),(4, 6),(4, 7),(4, 8),(4, 9),(4, 10),(4, 11),(5, 1),(5, 2),(5, 3),(5, 4),(5, 6),(5, 7),(5, 8),(5, 9),(5, 10),(5, 11),(5, 12),(6, 1),(6, 2),(6, 3),(6, 4),(6, 5),(6, 7),(6, 8),(6, 9),(6, 10),(6, 11),(6, 12),(7, 1),(7, 2),(7, 3),(7, 4),(7, 5),(7, 6),(7, 8),(7, 9),(7, 10),(7, 11),(7, 12),(8, 1),(8, 2),(8, 3),(8, 4),(8, 5),(8, 6),(8, 7),(8, 9),(8, 10),(8, 11),(8, 12),(9, 2),(9, 3),(9, 4),(9, 5),(9, 6),(9, 7),(9, 8),(9, 10),(9, 11),(9, 12),(10, 1),(10, 3),(10, 4),(10, 5),(10, 6),(10, 7),(10, 8),(10, 9),(10, 11),(10, 12),(11, 1),(11, 2),(11, 4),(11, 5),(11, 6),(11, 7),(11, 8),(11, 9),(11, 10),(11, 12),(12, 1),(12, 2),(12, 3),(12, 5),(12, 6),(12, 7),(12, 8),(12, 9),(12, 10),(12, 11)}
C-c_2-c_11 = {(1, 2),(1, 3),(1, 4),(1, 5),(1, 6),(1, 7),(1, 8),(1, 9),(1, 11),(1, 12),(2, 1),(2, 3),(2, 4),(2, 5),(2, 6),(2, 7),(2, 8),(2, 9),(2, 10),(2, 12),(3, 1),(3, 2),(3, 4),(3, 5),(3, 6),(3, 7),(3, 8),(3, 9),(3, 10),(3, 11),(4, 1),(4, 2),(4, 3),(4, 5),(4, 6),(4, 7),(4, 8),(4, 9),(4, 10),(4, 11),(4, 12),(5, 1),(5, 2),(5, 3),(5, 4),(5, 6),(5, 7),(5, 8),(5, 9),(5, 10),(5, 11),(5, 12),(6, 1),(6, 2),(6, 3),(6, 4),(6, 5),(6, 7),(6, 8),(6, 9),(6, 10),(6, 11),(6, 12),(7, 1),(7, 2),(7, 3),(7, 4),(7, 5),(7, 6),(7, 8),(7, 9),(7, 10),(7, 11),(7, 12),(8, 1),(8, 2),(8, 3),(8, 4),(8, 5),(8, 6),(8, 7),(8, 9),(8, 10),(8, 11),(8, 12),(9, 1),(9, 2),(9, 3),(9, 4),(9, 5),(9, 6),(9, 7),(9, 8),(9, 10),(9, 11),(9, 12),(10, 2),(10, 3),(10, 4),(10, 5),(10, 6),(10, 7),(10, 8),(10, 9),(10, 11),(10, 12),(11, 1),(11, 3),(11, 4),(11, 5),(11, 6),(11, 7),(11, 8),(11, 9),(11, 10),(11, 12),(12, 1),(12, 2),(12, 4),(12, 5),(12, 6),(12, 7),(12, 8),(12, 9),(12, 10),(12, 11)}
C-c_2-c_12 = {(1, 2),(1, 3),(1, 4),(1, 5),(1, 6),(1, 7),(1, 8),(1, 9),(1, 10),(1, 12),(2, 1),(2, 3),(2, 4),(2, 5),(2, 6),(2, 7),(2, 8),(2, 9),(2, 10),(2, 11),(3, 1),(3, 2),(3, 4),(3, 5),(3, 6),(3, 7),(3, 8),(3, 9),(3, 10),(3, 11),(3, 12),(4, 1),(4, 2),(4, 3),(4, 5),(4, 6),(4, 7),(4, 8),(4, 9),(4, 10),(4, 11),(4, 12),(5, 1),(5, 2),(5, 3),(5, 4),(5, 6),(5, 7),(5, 8),(5, 9),(5, 10),(5, 11),(5, 12),(6, 1),(6, 2),(6, 3),(6, 4),(6, 5),(6, 7),(6, 8),(6, 9),(6, 10),(6, 11),(6, 12),(7, 1),(7, 2),(7, 3),(7, 4),(7, 5),(7, 6),(7, 8),(7, 9),(7, 10),(7, 11),(7, 12),(8, 1),(8, 2),(8, 3),(8, 4),(8, 5),(8, 6),(8, 7),(8, 9),(8, 10),(8, 11),(8, 12),(9, 1),(9, 2),(9, 3),(9, 4),(9, 5),(9, 6),(9, 7),(9, 8),(9, 10),(9, 11),(9, 12),(10, 1),(10, 2),(10, 3),(10, 4),(10, 5),(10, 6),(10, 7),(10, 8),(10, 9),(10, 11),(10, 12),(11, 2),(11, 3),(11, 4),(11, 5),(11, 6),(11, 7),(11, 8),(11, 9),(11, 10),(11, 12),(12, 1),(12, 3),(12, 4),(12, 5),(12, 6),(12, 7),(12, 8),(12, 9),(12, 10),(12, 11)}
C-c_3-c_4 = {(1, 3),(1, 4),(1, 5),(1, 6),(1, 7),(1, 8),(1, 9),(1, 10),(1, 11),(1, 12),(2, 4),(2, 5),(2, 6),(2, 7),(2, 8),(2, 9),(2, 10),(2, 11),(2, 12),(3, 1),(3, 5),(3, 6),(3, 7),(3, 8),(3, 9),(3, 10),(3, 11),(3, 12),(4, 1),(4, 2),(4, 6),(4, 7),(4, 8),(4, 9),(4, 10),(4, 11),(4, 12),(5, 1),(5, 2),(5, 3),(5, 7),(5, 8),(5, 9),(5, 10),(5, 11),(5, 12),(6, 1),(6, 2),(6, 3),(6, 4),(6, 8),(6, 9),(6, 10),(6, 11),(6, 12),(7, 1),(7, 2),(7, 3),(7, 4),(7, 5),(7, 9),(7, 10),(7, 11),(7, 12),(8, 1),(8, 2),(8, 3),(8, 4),(8, 5),(8, 6),(8, 10),(8, 11),(8, 12),(9, 1),(9, 2),(9, 3),(9, 4),(9, 5),(9, 6),(9, 7),(9, 11),(9, 12),(10, 1),(10, 2),(10, 3),(10, 4),(10, 5),(10, 6),(10, 7),(10, 8),(10, 12),(11, 1),(11, 2),(11, 3),(11, 4),(11, 5),(11, 6),(11, 7),(11, 8),(11, 9),(12, 1),(12, 2),(12, 3),(12, 4),(12, 5),(12, 6),(12, 7),(12, 8),(12, 9),(12, 10)}
C-c_3-c_5 = {(1, 2),(1, 4),(1, 5),(1, 6),(1, 7),(1, 8),(1, 9),(1, 10),(1, 11),(1, 12),(2, 1),(2, 3),(2, 5),(2, 6),(2, 7),(2, 8),(2, 9),(2, 10),(2, 11),(2, 12),(3, 2),(3, 4),(3, 6),(3, 7),(3, 8),(3, 9),(3, 10),(3, 11),(3, 12),(4, 1),(4, 3),(4, 5),(4, 7),(4, 8),(4, 9),(4, 10),(4, 11),(4, 12),(5, 1),(5, 2),(5, 4),(5, 6),(5, 8),(5, 9),(5, 10),(5, 11),(5, 12),(6, 1),(6, 2),(6, 3),(6, 5),(6, 7),(6, 9),(6, 10),(6, 11),(6, 12),(7, 1),(7, 2),(7, 3),(7, 4),(7, 6),(7, 8),(7, 10),(7, 11),(7, 12),(8, 1),(8, 2),(8, 3),(8, 4),(8, 5),(8, 7),(8, 9),(8, 11),(8, 12),(9, 1),(9, 2),(9, 3),(9, 4),(9, 5),(9, 6),(9, 8),(9, 10),(9, 12),(10, 1),(10, 2),(10, 3),(10, 4),(10, 5),(10, 6),(10, 7),(10, 9),(10, 11),(11, 1),(11, 2),(11, 3),(11, 4),(11, 5),(11, 6),(11, 7),(11, 8),(11, 10),(11, 12),(12, 1),(12, 2),(12, 3),(12, 4),(12, 5),(12, 6),(12, 7),(12, 8),(12, 9),(12, 11)}
C-c_3-c_6 = {(1, 2),(1, 3),(1, 5),(1, 6),(1, 7),(1, 8),(1, 9),(1, 10),(1, 11),(1, 12),(2, 1),(2, 3),(2, 4),(2, 6),(2, 7),(2, 8),(2, 9),(2, 10),(2, 11),(2, 12),(3, 1),(3, 2),(3, 4),(3, 5),(3, 7),(3, 8),(3, 9),(3, 10),(3, 11),(3, 12),(4, 2),(4, 3),(4, 5),(4, 6),(4, 8),(4, 9),(4, 10),(4, 11),(4, 12),(5, 1),(5, 3),(5, 4),(5, 6),(5, 7),(5, 9),(5, 10),(5, 11),(5, 12),(6, 1),(6, 2),(6, 4),(6, 5),(6, 7),(6, 8),(6, 10),(6, 11),(6, 12),(7, 1),(7, 2),(7, 3),(7, 5),(7, 6),(7, 8),(7, 9),(7, 11),(7, 12),(8, 1),(8, 2),(8, 3),(8, 4),(8, 6),(8, 7),(8, 9),(8, 10),(8, 12),(9, 1),(9, 2),(9, 3),(9, 4),(9, 5),(9, 7),(9, 8),(9, 10),(9, 11),(10, 1),(10, 2),(10, 3),(10, 4),(10, 5),(10, 6),(10, 8),(10, 9),(10, 11),(10, 12),(11, 1),(11, 2),(11, 3),(11, 4),(11, 5),(11, 6),(11, 7),(11, 9),(11, 10),(11, 12),(12, 1),(12, 2),(12, 3),(12, 4),(12, 5),(12, 6),(12, 7),(12, 8),(12, 10),(12, 11)}
C-c_3-c_7 = {(1, 2),(1, 3),(1, 4),(1, 6),(1, 7),(1, 8),(1, 9),(1, 10),(1, 11),(1, 12),(2, 1),(2, 3),(2, 4),(2, 5),(2, 7),(2, 8),(2, 9),(2, 10),(2, 11),(2, 12),(3, 1),(3, 2),(3, 4),(3, 5),(3, 6),(3, 8),(3, 9),(3, 10),(3, 11),(3, 12),(4, 1),(4, 2),(4, 3),(4, 5),(4, 6),(4, 7),(4, 9),(4, 10),(4, 11),(4, 12),(5, 2),(5, 3),(5, 4),(5, 6),(5, 7),(5, 8),(5, 10),(5, 11),(5, 12),(6, 1),(6, 3),(6, 4),(6, 5),(6, 7),(6, 8),(6, 9),(6, 11),(6, 12),(7, 1),(7, 2),(7, 4),(7, 5),(7, 6),(7, 8),(7, 9),(7, 10),(7, 12),(8, 1),(8, 2),(8, 3),(8, 5),(8, 6),(8, 7),(8, 9),(8, 10),(8, 11),(9, 1),(9, 2),(9, 3),(9, 4),(9, 6),(9, 7),(9, 8),(9, 10),(9, 11),(9, 12),(10, 1),(10, 2),(10, 3),(10, 4),(10, 5),(10, 7),(10, 8),(10, 9),(10, 11),(10, 12),(11, 1),(11, 2),(11, 3),(11, 4),(11, 5),(11, 6),(11, 8),(11, 9),(11, 10),(11, 12),(12, 1),(12, 2),(12, 3),(12, 4),(12, 5),(12, 6),(12, 7),(12, 9),(12, 10),(12, 11)}
C-c_3-c_8 = {(1, 2),(1, 3),(1, 4),(1, 5),(1, 7),(1, 8),(1, 9),(1, 10),(1, 11),(1, 12),(2, 1),(2, 3),(2, 4),(2, 5),(2, 6),(2, 8),(2, 9),(2, 10),(2, 11),(2, 12),(3, 1),(3, 2),(3, 4),(3, 5),(3, 6),(3, 7),(3, 9),(3, 10),(3, 11),(3, 12),(4, 1),(4, 2),(4, 3),(4, 5),(4, 6),(4, 7),(4, 8),(4, 10),(4, 11),(4, 12),(5, 1),(5, 2),(5, 3),(5, 4),(5, 6),(5, 7),(5, 8),(5, 9),(5, 11),(5, 12),(6, 2),(6, 3),(6, 4),(6, 5),(6, 7),(6, 8),(6, 9),(6, 10),(6, 12),(7, 1),(7, 3),(7, 4),(7, 5),(7, 6),(7, 8),(7, 9),(7, 10),(7, 11),(8, 1),(8, 2),(8, 4),(8, 5),(8, 6),(8, 7),(8, 9),(8, 10),(8, 11),(8, 12),(9, 1),(9, 2),(9, 3),(9, 5),(9, 6),(9, 7),(9, 8),(9, 10),(9, 11),(9, 12),(10, 1),(10, 2),(10, 3),(10, 4),(10, 6),(10, 7),(10, 8),(10, 9),(10, 11),(10, 12),(11, 1),(11, 2),(11, 3),(11, 4),(11, 5),(11, 7),(11, 8),(11, 9),(11, 10),(11, 12),(12, 1),(12, 2),(12, 3),(12, 4),(12, 5),(12, 6),(12, 8),(12, 9),(12, 10),(12, 11)}
C-c_3-c_9 = {(1, 2),(1, 3),(1, 4),(1, 5),(1, 6),(1, 8),(1, 9),(1, 10),(1, 11),(1, 12),(2, 1),(2, 3),(2, 4),(2, 5),(2, 6),(2, 7),(2, 9),(2, 10),(2, 11),(2, 12),(3, 1),(3, 2),(3, 4),(3, 5),(3, 6),(3, 7),(3, 8),(3, 10),(3, 11),(3, 12),(4, 1),(4, 2),(4, 3),(4, 5),(4, 6),(4, 7),(4, 8),(4, 9),(4, 11),(4, 12),(5, 1),(5, 2),(5, 3),(5, 4),(5, 6),(5, 7),(5, 8),(5, 9),(5, 10),(5, 12),(6, 1),(6, 2),(6, 3),(6, 4),(6, 5),(6, 7),(6, 8),(6, 9),(6, 10),(6, 11),(7, 2),(7, 3),(7, 4),(7, 5),(7, 6),(7, 8),(7, 9),(7, 10),(7, 11),(7, 12),(8, 1),(8, 3),(8, 4),(8, 5),(8, 6),(8, 7),(8, 9),(8, 10),(8, 11),(8, 12),(9, 1),(9, 2),(9, 4),(9, 5),(9, 6),(9, 7),(9, 8),(9, 10),(9, 11),(9, 12),(10, 1),(10, 2),(10, 3),(10, 5),(10, 6),(10, 7),(10, 8),(10, 9),(10, 11),(10, 12),(11, 1),(11, 2),(11, 3),(11, 4),(11, 6),(11, 7),(11, 8),(11, 9),(11, 10),(11, 12),(12, 1),(12, 2),(12, 3),(12, 4),(12, 5),(12, 7),(12, 8),(12, 9),(12, 10),(12, 11)}
C-c_3-c_10 = {(1, 2),(1, 3),(1, 4),(1, 5),(1, 6),(1, 7),(1, 9),(1, 10),(1, 11),(1, 12),(2, 1),(2, 3),(2, 4),(2, 5),(2, 6),(2, 7),(2, 8),(2, 10),(2, 11),(2, 12),(3, 1),(3, 2),(3, 4),(3, 5),(3, 6),(3, 7),(3, 8),(3, 9),(3, 11),(3, 12),(4, 1),(4, 2),(4, 3),(4, 5),(4, 6),(4, 7),(4, 8),(4, 9),(4, 10),(4, 12),(5, 1),(5, 2),(5, 3),(5, 4),(5, 6),(5, 7),(5, 8),(5, 9),(5, 10),(5, 11),(6, 1),(6, 2),(6, 3),(6, 4),(6, 5),(6, 7),(6, 8),(6, 9),(6, 10),(6, 11),(6, 12),(7, 1),(7, 2),(7, 3),(7, 4),(7, 5),(7, 6),(7, 8),(7, 9),(7, 10),(7, 11),(7, 12),(8, 2),(8, 3),(8, 4),(8, 5),(8, 6),(8, 7),(8, 9),(8, 10),(8, 11),(8, 12),(9, 1),(9, 3),(9, 4),(9, 5),(9, 6),(9, 7),(9, 8),(9, 10),(9, 11),(9, 12),(10, 1),(10, 2),(10, 4),(10, 5),(10, 6),(10, 7),(10, 8),(10, 9),(10, 11),(10, 12),(11, 1),(11, 2),(11, 3),(11, 5),(11, 6),(11, 7),(11, 8),(11, 9),(11, 10),(11, 12),(12, 1),(12, 2),(12, 3),(12, 4),(12, 6),(12, 7),(12, 8),(12, 9),(12, 10),(12, 11)}
C-c_3-c_11 = {(1, 2),(1, 3),(1, 4),(1, 5),(1, 6),(1, 7),(1, 8),(1, 10),(1, 11),(1, 12),(2, 1),(2, 3),(2, 4),(2, 5),(2, 6),(2, 7),(2, 8),(2, 9),(2, 11),(2, 12),(3, 1),(3, 2),(3, 4),(3, 5),(3, 6),(3, 7),(3, 8),(3, 9),(3, 10),(3, 12),(4, 1),(4, 2),(4, 3),(4, 5),(4, 6),(4, 7),(4, 8),(4, 9),(4, 10),(4, 11),(5, 1),(5, 2),(5, 3),(5, 4),(5, 6),(5, 7),(5, 8),(5, 9),(5, 10),(5, 11),(5, 12),(6, 1),(6, 2),(6, 3),(6, 4),(6, 5),(6, 7),(6, 8),(6, 9),(6, 10),(6, 11),(6, 12),(7, 1),(7, 2),(7, 3),(7, 4),(7, 5),(7, 6),(7, 8),(7, 9),(7, 10),(7, 11),(7, 12),(8, 1),(8, 2),(8, 3),(8, 4),(8, 5),(8, 6),(8, 7),(8, 9),(8, 10),(8, 11),(8, 12),(9, 2),(9, 3),(9, 4),(9, 5),(9, 6),(9, 7),(9, 8),(9, 10),(9, 11),(9, 12),(10, 1),(10, 3),(10, 4),(10, 5),(10, 6),(10, 7),(10, 8),(10, 9),(10, 11),(10, 12),(11, 1),(11, 2),(11, 4),(11, 5),(11, 6),(11, 7),(11, 8),(11, 9),(11, 10),(11, 12),(12, 1),(12, 2),(12, 3),(12, 5),(12, 6),(12, 7),(12, 8),(12, 9),(12, 10),(12, 11)}
C-c_3-c_12 = {(1, 2),(1, 3),(1, 4),(1, 5),(1, 6),(1, 7),(1, 8),(1, 9),(1, 11),(1, 12),(2, 1),(2, 3),(2, 4),(2, 5),(2, 6),(2, 7),(2, 8),(2, 9),(2, 10),(2, 12),(3, 1),(3, 2),(3, 4),(3, 5),(3, 6),(3, 7),(3, 8),(3, 9),(3, 10),(3, 11),(4, 1),(4, 2),(4, 3),(4, 5),(4, 6),(4, 7),(4, 8),(4, 9),(4, 10),(4, 11),(4, 12),(5, 1),(5, 2),(5, 3),(5, 4),(5, 6),(5, 7),(5, 8),(5, 9),(5, 10),(5, 11),(5, 12),(6, 1),(6, 2),(6, 3),(6, 4),(6, 5),(6, 7),(6, 8),(6, 9),(6, 10),(6, 11),(6, 12),(7, 1),(7, 2),(7, 3),(7, 4),(7, 5),(7, 6),(7, 8),(7, 9),(7, 10),(7, 11),(7, 12),(8, 1),(8, 2),(8, 3),(8, 4),(8, 5),(8, 6),(8, 7),(8, 9),(8, 10),(8, 11),(8, 12),(9, 1),(9, 2),(9, 3),(9, 4),(9, 5),(9, 6),(9, 7),(9, 8),(9, 10),(9, 11),(9, 12),(10, 2),(10, 3),(10, 4),(10, 5),(10, 6),(10, 7),(10, 8),(10, 9),(10, 11),(10, 12),(11, 1),(11, 3),(11, 4),(11, 5),(11, 6),(11, 7),(11, 8),(11, 9),(11, 10),(11, 12),(12, 1),(12, 2),(12, 4),(12, 5),(12, 6),(12, 7),(12, 8),(12, 9),(12, 10),(12, 11)}
C-c_4-c_5 = {(1, 3),(1, 4),(1, 5),(1, 6),(1, 7),(1, 8),(1, 9),(1, 10),(1, 11),(1, 12),(2, 4),(2, 5),(2, 6),(2, 7),(2, 8),(2, 9),(2, 10),(2, 11),(2, 12),(3, 1),(3, 5),(3, 6),(3, 7),(3, 8),(3, 9),(3, 10),(3, 11),(3, 12),(4, 1),(4, 2),(4, 6),(4, 7),(4, 8),(4, 9),(4, 10),(4, 11),(4, 12),(5, 1),(5, 2),(5, 3),(5, 7),(5, 8),(5, 9),(5, 10),(5, 11),(5, 12),(6, 1),(6, 2),(6, 3),(6, 4),(6, 8),(6, 9),(6, 10),(6, 11),(6, 12),(7, 1),(7, 2),(7, 3),(7, 4),(7, 5),(7, 9),(7, 10),(7, 11),(7, 12),(8, 1),(8, 2),(8, 3),(8, 4),(8, 5),(8, 6),(8, 10),(8, 11),(8, 12),(9, 1),(9, 2),(9, 3),(9, 4),(9, 5),(9, 6),(9, 7),(9, 11),(9, 12),(10, 1),(10, 2),(10, 3),(10, 4),(10, 5),(10, 6),(10, 7),(10, 8),(10, 12),(11, 1),(11, 2),(11, 3),(11, 4),(11, 5),(11, 6),(11, 7),(11, 8),(11, 9),(12, 1),(12, 2),(12, 3),(12, 4),(12, 5),(12, 6),(12, 7),(12, 8),(12, 9),(12, 10)}
C-c_4-c_6 = {(1, 2),(1, 4),(1, 5),(1, 6),(1, 7),(1, 8),(1, 9),(1, 10),(1, 11),(1, 12),(2, 1),(2, 3),(2, 5),(2, 6),(2, 7),(2, 8),(2, 9),(2, 10),(2, 11),(2, 12),(3, 2),(3, 4),(3, 6),(3, 7),(3, 8),(3, 9),(3, 10),(3, 11),(3, 12),(4, 1),(4, 3),(4, 5),(4, 7),(4, 8),(4, 9),(4, 10),(4, 11),(4, 12),(5, 1),(5, 2),(5, 4),(5, 6),(5, 8),(5, 9),(5, 10),(5, 11),(5, 12),(6, 1),(6, 2),(6, 3),(6, 5),(6, 7),(6, 9),(6, 10),(6, 11),(6, 12),(7, 1),(7, 2),(7, 3),(7, 4),(7, 6),(7, 8),(7, 10),(7, 11),(7, 12),(8, 1),(8, 2),(8, 3),(8, 4),(8, 5),(8, 7),(8, 9),(8, 11),(8, 12),(9, 1),(9, 2),(9, 3),(9, 4),(9, 5),(9, 6),(9, 8),(9, 10),(9, 12),(10, 1),(10, 2),(10, 3),(10, 4),(10, 5),(10, 6),(10, 7),(10, 9),(10, 11),(11, 1),(11, 2),(11, 3),(11, 4),(11, 5),(11, 6),(11, 7),(11, 8),(11, 10),(11, 12),(12, 1),(12, 2),(12, 3),(12, 4),(12, 5),(12, 6),(12, 7),(12, 8),(12, 9),(12, 11)}
C-c_4-c_7 = {(1, 2),(1, 3),(1, 5),(1, 6),(1, 7),(1, 8),(1, 9),(1, 10),(1, 11),(1, 12),(2, 1),(2, 3),(2, 4),(2, 6),(2, 7),(2, 8),(2, 9),(2, 10),(2, 11),(2, 12),(3, 1),(3, 2),(3, 4),(3, 5),(3, 7),(3, 8),(3, 9),(3, 10),(3, 11),(3, 12),(4, 2),(4, 3),(4, 5),(4, 6),(4, 8),(4, 9),(4, 10),(4, 11),(4, 12),(5, 1),(5, 3),(5, 4),(5, 6),(5, 7),(5, 9),(5, 10),(5, 11),(5, 12),(6, 1),(6, 2),(6, 4),(6, 5),(6, 7),(6, 8),(6, 10),(6, 11),(6, 12),(7, 1),(7, 2),(7, 3),(7, 5),(7, 6),(7, 8),(7, 9),(7, 11),(7, 12),(8, 1),(8, 2),(8, 3),(8, 4),(8, 6),(8, 7),(8, 9),(8, 10),(8, 12),(9, 1),(9, 2),(9, 3),(9, 4),(9, 5),(9, 7),(9, 8),(9, 10),(9, 11),(10, 1),(10, 2),(10, 3),(10, 4),(10, 5),(10, 6),(10, 8),(10, 9),(10, 11),(10, 12),(11, 1),(11, 2),(11, 3),(11, 4),(11, 5),(11, 6),(11, 7),(11, 9),(11, 10),(11, 12),(12, 1),(12, 2),(12, 3),(12, 4),(12, 5),(12, 6),(12, 7),(12, 8),(12, 10),(12, 11)}
C-c_4-c_8 = {(1, 2),(1, 3),(1, 4),(1, 6),(1, 7),(1, 8),(1, 9),(1, 10),(1, 11),(1, 12),(2, 1),(2, 3),(2, 4),(2, 5),(2, 7),(2, 8),(2, 9),(2, 10),(2, 11),(2, 12),(3, 1),(3, 2),(3, 4),(3, 5),(3, 6),(3, 8),(3, 9),(3, 10),(3, 11),(3, 12),(4, 1),(4, 2),(4, 3),(4, 5),(4, 6),(4, 7),(4, 9),(4, 10),(4, 11),(4, 12),(5, 2),(5, 3),(5, 4),(5, 6),(5, 7),(5, 8),(5, 10),(5, 11),(5, 12),(6, 1),(6, 3),(6, 4),(6, 5),(6, 7),(6, 8),(6, 9),(6, 11),(6, 12),(7, 1),(7, 2),(7, 4),(7, 5),(7, 6),(7, 8),(7, 9),(7, 10),(7, 12),(8, 1),(8, 2),(8, 3),(8, 5),(8, 6),(8, 7),(8, 9),(8, 10),(8, 11),(9, 1),(9, 2),(9, 3),(9, 4),(9, 6),(9, 7),(9, 8),(9, 10),(9, 11),(9, 12),(10, 1),(10, 2),(10, 3),(10, 4),(10, 5),(10, 7),(10, 8),(10, 9),(10, 11),(10, 12),(11, 1),(11, 2),(11, 3),(11, 4),(11, 5),(11, 6),(11, 8),(11, 9),(11, 10),(11, 12),(12, 1),(12, 2),(12, 3),(12, 4),(12, 5),(12, 6),(12, 7),(12, 9),(12, 10),(12, 11)}
C-c_4-c_9 = {(1, 2),(1, 3),(1, 4),(1, 5),(1, 7),(1, 8),(1, 9),(1, 10),(1, 11),(1, 12),(2, 1),(2, 3),(2, 4),(2, 5),(2, 6),(2, 8),(2, 9),(2, 10),(2, 11),(2, 12),(3, 1),(3, 2),(3, 4),(3, 5),(3, 6),(3, 7),(3, 9),(3, 10),(3, 11),(3, 12),(4, 1),(4, 2),(4, 3),(4, 5),(4, 6),(4, 7),(4, 8),(4, 10),(4, 11),(4, 12),(5, 1),(5, 2),(5, 3),(5, 4),(5, 6),(5, 7),(5, 8),(5, 9),(5, 11),(5, 12),(6, 2),(6, 3),(6, 4),(6, 5),(6, 7),(6, 8),(6, 9),(6, 10),(6, 12),(7, 1),(7, 3),(7, 4),(7, 5),(7, 6),(7, 8),(7, 9),(7, 10),(7, 11),(8, 1),(8, 2),(8, 4),(8, 5),(8, 6),(8, 7),(8, 9),(8, 10),(8, 11),(8, 12),(9, 1),(9, 2),(9, 3),(9, 5),(9, 6),(9, 7),(9, 8),(9, 10),(9, 11),(9, 12),(10, 1),(10, 2),(10, 3),(10, 4),(10, 6),(10, 7),(10, 8),(10, 9),(10, 11),(10, 12),(11, 1),(11, 2),(11, 3),(11, 4),(11, 5),(11, 7),(11, 8),(11, 9),(11, 10),(11, 12),(12, 1),(12, 2),(12, 3),(12, 4),(12, 5),(12, 6),(12, 8),(12, 9),(12, 10),(12, 11)}
C-c_4-c_10 = {(1, 2),(1, 3),(1, 4),(1, 5),(1, 6),(1, 8),(1, 9),(1, 10),(1, 11),(1, 12),(2, 1),(2, 3),(2, 4),(2, 5),(2, 6),(2, 7),(2, 9),(2, 10),(2, 11),(2, 12),(3, 1),(3, 2),(3, 4),(3, 5),(3, 6),(3, 7),(3, 8),(3, 10),(3, 11),(3, 12),(4, 1),(4, 2),(4, 3),(4, 5),(4, 6),(4, 7),(4, 8),(4, 9),(4, 11),(4, 12),(5, 1),(5, 2),(5, 3),(5, 4),(5, 6),(5, 7),(5, 8),(5, 9),(5, 10),(5, 12),(6, 1),(6, 2),(6, 3),(6, 4),(6, 5),(6, 7),(6, 8),(6, 9),(6, 10),(6, 11),(7, 2),(7, 3),(7, 4),(7, 5),(7, 6),(7, 8),(7, 9),(7, 10),(7, 11),(7, 12),(8, 1),(8, 3),(8, 4),(8, 5),(8, 6),(8, 7),(8, 9),(8, 10),(8, 11),(8, 12),(9, 1),(9, 2),(9, 4),(9, 5),(9, 6),(9, 7),(9, 8),(9, 10),(9, 11),(9, 12),(10, 1),(10, 2),(10, 3),(10, 5),(10, 6),(10, 7),(10, 8),(10, 9),(10, 11),(10, 12),(11, 1),(11, 2),(11, 3),(11, 4),(11, 6),(11, 7),(11, 8),(11, 9),(11, 10),(11, 12),(12, 1),(12, 2),(12, 3),(12, 4),(12, 5),(12, 7),(12, 8),(12, 9),(12, 10),(12, 11)}
C-c_4-c_11 = {(1, 2),(1, 3),(1, 4),(1, 5),(1, 6),(1, 7),(1, 9),(1, 10),(1, 11),(1, 12),(2, 1),(2, 3),(2, 4),(2, 5),(2, 6),(2, 7),(2, 8),(2, 10),(2, 11),(2, 12),(3, 1),(3, 2),(3, 4),(3, 5),(3, 6),(3, 7),(3, 8),(3, 9),(3, 11),(3, 12),(4, 1),(4, 2),(4, 3),(4, 5),(4, 6),(4, 7),(4, 8),(4, 9),(4, 10),(4, 12),(5, 1),(5, 2),(5, 3),(5, 4),(5, 6),(5, 7),(5, 8),(5, 9),(5, 10),(5, 11),(6, 1),(6, 2),(6, 3),(6, 4),(6, 5),(6, 7),(6, 8),(6, 9),(6, 10),(6, 11),(6, 12),(7, 1),(7, 2),(7, 3),(7, 4),(7, 5),(7, 6),(7, 8),(7, 9),(7, 10),(7, 11),(7, 12),(8, 2),(8, 3),(8, 4),(8, 5),(8, 6),(8, 7),(8, 9),(8, 10),(8, 11),(8, 12),(9, 1),(9, 3),(9, 4),(9, 5),(9, 6),(9, 7),(9, 8),(9, 10),(9, 11),(9, 12),(10, 1),(10, 2),(10, 4),(10, 5),(10, 6),(10, 7),(10, 8),(10, 9),(10, 11),(10, 12),(11, 1),(11, 2),(11, 3),(11, 5),(11, 6),(11, 7),(11, 8),(11, 9),(11, 10),(11, 12),(12, 1),(12, 2),(12, 3),(12, 4),(12, 6),(12, 7),(12, 8),(12, 9),(12, 10),(12, 11)}
C-c_4-c_12 = {(1, 2),(1, 3),(1, 4),(1, 5),(1, 6),(1, 7),(1, 8),(1, 10),(1, 11),(1, 12),(2, 1),(2, 3),(2, 4),(2, 5),(2, 6),(2, 7),(2, 8),(2, 9),(2, 11),(2, 12),(3, 1),(3, 2),(3, 4),(3, 5),(3, 6),(3, 7),(3, 8),(3, 9),(3, 10),(3, 12),(4, 1),(4, 2),(4, 3),(4, 5),(4, 6),(4, 7),(4, 8),(4, 9),(4, 10),(4, 11),(5, 1),(5, 2),(5, 3),(5, 4),(5, 6),(5, 7),(5, 8),(5, 9),(5, 10),(5, 11),(5, 12),(6, 1),(6, 2),(6, 3),(6, 4),(6, 5),(6, 7),(6, 8),(6, 9),(6, 10),(6, 11),(6, 12),(7, 1),(7, 2),(7, 3),(7, 4),(7, 5),(7, 6),(7, 8),(7, 9),(7, 10),(7, 11),(7, 12),(8, 1),(8, 2),(8, 3),(8, 4),(8, 5),(8, 6),(8, 7),(8, 9),(8, 10),(8, 11),(8, 12),(9, 2),(9, 3),(9, 4),(9, 5),(9, 6),(9, 7),(9, 8),(9, 10),(9, 11),(9, 12),(10, 1),(10, 3),(10, 4),(10, 5),(10, 6),(10, 7),(10, 8),(10, 9),(10, 11),(10, 12),(11, 1),(11, 2),(11, 4),(11, 5),(11, 6),(11, 7),(11, 8),(11, 9),(11, 10),(11, 12),(12, 1),(12, 2),(12, 3),(12, 5),(12, 6),(12, 7),(12, 8),(12, 9),(12, 10),(12, 11)}
C-c_5-c_6 = {(1, 3),(1, 4),(1, 5),(1, 6),(1, 7),(1, 8),(1, 9),(1, 10),(1, 11),(1, 12),(2, 4),(2, 5),(2, 6),(2, 7),(2, 8),(2, 9),(2, 10),(2, 11),(2, 12),(3, 1),(3, 5),(3, 6),(3, 7),(3, 8),(3, 9),(3, 10),(3, 11),(3, 12),(4, 1),(4, 2),(4, 6),(4, 7),(4, 8),(4, 9),(4, 10),(4, 11),(4, 12),(5, 1),(5, 2),(5, 3),(5, 7),(5, 8),(5, 9),(5, 10),(5, 11),(5, 12),(6, 1),(6, 2),(6, 3),(6, 4),(6, 8),(6, 9),(6, 10),(6, 11),(6, 12),(7, 1),(7, 2),(7, 3),(7, 4),(7, 5),(7, 9),(7, 10),(7, 11),(7, 12),(8, 1),(8, 2),(8, 3),(8, 4),(8, 5),(8, 6),(8, 10),(8, 11),(8, 12),(9, 1),(9, 2),(9, 3),(9, 4),(9, 5),(9, 6),(9, 7),(9, 11),(9, 12),(10, 1),(10, 2),(10, 3),(10, 4),(10, 5),(10, 6),(10, 7),(10, 8),(10, 12),(11, 1),(11, 2),(11, 3),(11, 4),(11, 5),(11, 6),(11, 7),(11, 8),(11, 9),(12, 1),(12, 2),(12, 3),(12, 4),(12, 5),(12, 6),(12, 7),(12, 8),(12, 9),(12, 10)}
C-c_5-c_7 = {(1, 2),(1, 4),(1, 5),(1, 6),(1, 7),(1, 8),(1, 9),(1, 10),(1, 11),(1, 12),(2, 1),(2, 3),(2, 5),(2, 6),(2, 7),(2, 8),(2, 9),(2, 10),(2, 11),(2, 12),(3, 2),(3, 4),(3, 6),(3, 7),(3, 8),(3, 9),(3, 10),(3, 11),(3, 12),(4, 1),(4, 3),(4, 5),(4, 7),(4, 8),(4, 9),(4, 10),(4, 11),(4, 12),(5, 1),(5, 2),(5, 4),(5, 6),(5, 8),(5, 9),(5, 10),(5, 11),(5, 12),(6, 1),(6, 2),(6, 3),(6, 5),(6, 7),(6, 9),(6, 10),(6, 11),(6, 12),(7, 1),(7, 2),(7, 3),(7, 4),(7, 6),(7, 8),(7, 10),(7, 11),(7, 12),(8, 1),(8, 2),(8, 3),(8, 4),(8, 5),(8, 7),(8, 9),(8, 11),(8, 12),(9, 1),(9, 2),(9, 3),(9, 4),(9, 5),(9, 6),(9, 8),(9, 10),(9, 12),(10, 1),(10, 2),(10, 3),(10, 4),(10, 5),(10, 6),(10, 7),(10, 9),(10, 11),(11, 1),(11, 2),(11, 3),(11, 4),(11, 5),(11, 6),(11, 7),(11, 8),(11, 10),(11, 12),(12, 1),(12, 2),(12, 3),(12, 4),(12, 5),(12, 6),(12, 7),(12, 8),(12, 9),(12, 11)}
C-c_5-c_8 = {(1, 2),(1, 3),(1, 5),(1, 6),(1, 7),(1, 8),(1, 9),(1, 10),(1, 11),(1, 12),(2, 1),(2, 3),(2, 4),(2, 6),(2, 7),(2, 8),(2, 9),(2, 10),(2, 11),(2, 12),(3, 1),(3, 2),(3, 4),(3, 5),(3, 7),(3, 8),(3, 9),(3, 10),(3, 11),(3, 12),(4, 2),(4, 3),(4, 5),(4, 6),(4, 8),(4, 9),(4, 10),(4, 11),(4, 12),(5, 1),(5, 3),(5, 4),(5, 6),(5, 7),(5, 9),(5, 10),(5, 11),(5, 12),(6, 1),(6, 2),(6, 4),(6, 5),(6, 7),(6, 8),(6, 10),(6, 11),(6, 12),(7, 1),(7, 2),(7, 3),(7, 5),(7, 6),(7, 8),(7, 9),(7, 11),(7, 12),(8, 1),(8, 2),(8, 3),(8, 4),(8, 6),(8, 7),(8, 9),(8, 10),(8, 12),(9, 1),(9, 2),(9, 3),(9, 4),(9, 5),(9, 7),(9, 8),(9, 10),(9, 11),(10, 1),(10, 2),(10, 3),(10, 4),(10, 5),(10, 6),(10, 8),(10, 9),(10, 11),(10, 12),(11, 1),(11, 2),(11, 3),(11, 4),(11, 5),(11, 6),(11, 7),(11, 9),(11, 10),(11, 12),(12, 1),(12, 2),(12, 3),(12, 4),(12, 5),(12, 6),(12, 7),(12, 8),(12, 10),(12, 11)}
C-c_5-c_9 = {(1, 2),(1, 3),(1, 4),(1, 6),(1, 7),(1, 8),(1, 9),(1, 10),(1, 11),(1, 12),(2, 1),(2, 3),(2, 4),(2, 5),(2, 7),(2, 8),(2, 9),(2, 10),(2, 11),(2, 12),(3, 1),(3, 2),(3, 4),(3, 5),(3, 6),(3, 8),(3, 9),(3, 10),(3, 11),(3, 12),(4, 1),(4, 2),(4, 3),(4, 5),(4, 6),(4, 7),(4, 9),(4, 10),(4, 11),(4, 12),(5, 2),(5, 3),(5, 4),(5, 6),(5, 7),(5, 8),(5, 10),(5, 11),(5, 12),(6, 1),(6, 3),(6, 4),(6, 5),(6, 7),(6, 8),(6, 9),(6, 11),(6, 12),(7, 1),(7, 2),(7, 4),(7, 5),(7, 6),(7, 8),(7, 9),(7, 10),(7, 12),(8, 1),(8, 2),(8, 3),(8, 5),(8, 6),(8, 7),(8, 9),(8, 10),(8, 11),(9, 1),(9, 2),(9, 3),(9, 4),(9, 6),(9, 7),(9, 8),(9, 10),(9, 11),(9, 12),(10, 1),(10, 2),(10, 3),(10, 4),(10, 5),(10, 7),(10, 8),(10, 9),(10, 11),(10, 12),(11, 1),(11, 2),(11, 3),(11, 4),(11, 5),(11, 6),(11, 8),(11, 9),(11, 10),(11, 12),(12, 1),(12, 2),(12, 3),(12, 4),(12, 5),(12, 6),(12, 7),(12, 9),(12, 10),(12, 11)}
C-c_5-c_10 = {(1, 2),(1, 3),(1, 4),(1, 5),(1, 7),(1, 8),(1, 9),(1, 10),(1, 11),(1, 12),(2, 1),(2, 3),(2, 4),(2, 5),(2, 6),(2, 8),(2, 9),(2, 10),(2, 11),(2, 12),(3, 1),(3, 2),(3, 4),(3, 5),(3, 6),(3, 7),(3, 9),(3, 10),(3, 11),(3, 12),(4, 1),(4, 2),(4, 3),(4, 5),(4, 6),(4, 7),(4, 8),(4, 10),(4, 11),(4, 12),(5, 1),(5, 2),(5, 3),(5, 4),(5, 6),(5, 7),(5, 8),(5, 9),(5, 11),(5, 12),(6, 2),(6, 3),(6, 4),(6, 5),(6, 7),(6, 8),(6, 9),(6, 10),(6, 12),(7, 1),(7, 3),(7, 4),(7, 5),(7, 6),(7, 8),(7, 9),(7, 10),(7, 11),(8, 1),(8, 2),(8, 4),(8, 5),(8, 6),(8, 7),(8, 9),(8, 10),(8, 11),(8, 12),(9, 1),(9, 2),(9, 3),(9, 5),(9, 6),(9, 7),(9, 8),(9, 10),(9, 11),(9, 12),(10, 1),(10, 2),(10, 3),(10, 4),(10, 6),(10, 7),(10, 8),(10, 9),(10, 11),(10, 12),(11, 1),(11, 2),(11, 3),(11, 4),(11, 5),(11, 7),(11, 8),(11, 9),(11, 10),(11, 12),(12, 1),(12, 2),(12, 3),(12, 4),(12, 5),(12, 6),(12, 8),(12, 9),(12, 10),(12, 11)}
C-c_5-c_11 = {(1, 2),(1, 3),(1, 4),(1, 5),(1, 6),(1, 8),(1, 9),(1, 10),(1, 11),(1, 12),(2, 1),(2, 3),(2, 4),(2, 5),(2, 6),(2, 7),(2, 9),(2, 10),(2, 11),(2, 12),(3, 1),(3, 2),(3, 4),(3, 5),(3, 6),(3, 7),(3, 8),(3, 10),(3, 11),(3, 12),(4, 1),(4, 2),(4, 3),(4, 5),(4, 6),(4, 7),(4, 8),(4, 9),(4, 11),(4, 12),(5, 1),(5, 2),(5, 3),(5, 4),(5, 6),(5, 7),(5, 8),(5, 9),(5, 10),(5, 12),(6, 1),(6, 2),(6, 3),(6, 4),(6, 5),(6, 7),(6, 8),(6, 9),(6, 10),(6, 11),(7, 2),(7, 3),(7, 4),(7, 5),(7, 6),(7, 8),(7, 9),(7, 10),(7, 11),(7, 12),(8, 1),(8, 3),(8, 4),(8, 5),(8, 6),(8, 7),(8, 9),(8, 10),(8, 11),(8, 12),(9, 1),(9, 2),(9, 4),(9, 5),(9, 6),(9, 7),(9, 8),(9, 10),(9, 11),(9, 12),(10, 1),(10, 2),(10, 3),(10, 5),(10, 6),(10, 7),(10, 8),(10, 9),(10, 11),(10, 12),(11, 1),(11, 2),(11, 3),(11, 4),(11, 6),(11, 7),(11, 8),(11, 9),(11, 10),(11, 12),(12, 1),(12, 2),(12, 3),(12, 4),(12, 5),(12, 7),(12, 8),(12, 9),(12, 10),(12, 11)}
C-c_5-c_12 = {(1, 2),(1, 3),(1, 4),(1, 5),(1, 6),(1, 7),(1, 9),(1, 10),(1, 11),(1, 12),(2, 1),(2, 3),(2, 4),(2, 5),(2, 6),(2, 7),(2, 8),(2, 10),(2, 11),(2, 12),(3, 1),(3, 2),(3, 4),(3, 5),(3, 6),(3, 7),(3, 8),(3, 9),(3, 11),(3, 12),(4, 1),(4, 2),(4, 3),(4, 5),(4, 6),(4, 7),(4, 8),(4, 9),(4, 10),(4, 12),(5, 1),(5, 2),(5, 3),(5, 4),(5, 6),(5, 7),(5, 8),(5, 9),(5, 10),(5, 11),(6, 1),(6, 2),(6, 3),(6, 4),(6, 5),(6, 7),(6, 8),(6, 9),(6, 10),(6, 11),(6, 12),(7, 1),(7, 2),(7, 3),(7, 4),(7, 5),(7, 6),(7, 8),(7, 9),(7, 10),(7, 11),(7, 12),(8, 2),(8, 3),(8, 4),(8, 5),(8, 6),(8, 7),(8, 9),(8, 10),(8, 11),(8, 12),(9, 1),(9, 3),(9, 4),(9, 5),(9, 6),(9, 7),(9, 8),(9, 10),(9, 11),(9, 12),(10, 1),(10, 2),(10, 4),(10, 5),(10, 6),(10, 7),(10, 8),(10, 9),(10, 11),(10, 12),(11, 1),(11, 2),(11, 3),(11, 5),(11, 6),(11, 7),(11, 8),(11, 9),(11, 10),(11, 12),(12, 1),(12, 2),(12, 3),(12, 4),(12, 6),(12, 7),(12, 8),(12, 9),(12, 10),(12, 11)}
C-c_6-c_7 = {(1, 3),(1, 4),(1, 5),(1, 6),(1, 7),(1, 8),(1, 9),(1, 10),(1, 11),(1, 12),(2, 4),(2, 5),(2, 6),(2, 7),(2, 8),(2, 9),(2, 10),(2, 11),(2, 12),(3, 1),(3, 5),(3, 6),(3, 7),(3, 8),(3, 9),(3, 10),(3, 11),(3, 12),(4, 1),(4, 2),(4, 6),(4, 7),(4, 8),(4, 9),(4, 10),(4, 11),(4, 12),(5, 1),(5, 2),(5, 3),(5, 7),(5, 8),(5, 9),(5, 10),(5, 11),(5, 12),(6, 1),(6, 2),(6, 3),(6, 4),(6, 8),(6, 9),(6, 10),(6, 11),(6, 12),(7, 1),(7, 2),(7, 3),(7, 4),(7, 5),(7, 9),(7, 10),(7, 11),(7, 12),(8, 1),(8, 2),(8, 3),(8, 4),(8, 5),(8, 6),(8, 10),(8, 11),(8, 12),(9, 1),(9, 2),(9, 3),(9, 4),(9, 5),(9, 6),(9, 7),(9, 11),(9, 12),(10, 1),(10, 2),(10, 3),(10, 4),(10, 5),(10, 6),(10, 7),(10, 8),(10, 12),(11, 1),(11, 2),(11, 3),(11, 4),(11, 5),(11, 6),(11, 7),(11, 8),(11, 9),(12, 1),(12, 2),(12, 3),(12, 4),(12, 5),(12, 6),(12, 7),(12, 8),(12, 9),(12, 10)}
C-c_6-c_8 = {(1, 2),(1, 4),(1, 5),(1, 6),(1, 7),(1, 8),(1, 9),(1, 10),(1, 11),(1, 12),(2, 1),(2, 3),(2, 5),(2, 6),(2, 7),(2, 8),(2, 9),(2, 10),(2, 11),(2, 12),(3, 2),(3, 4),(3, 6),(3, 7),(3, 8),(3, 9),(3, 10),(3, 11),(3, 12),(4, 1),(4, 3),(4, 5),(4, 7),(4, 8),(4, 9),(4, 10),(4, 11),(4, 12),(5, 1),(5, 2),(5, 4),(5, 6),(5, 8),(5, 9),(5, 10),(5, 11),(5, 12),(6, 1),(6, 2),(6, 3),(6, 5),(6, 7),(6, 9),(6, 10),(6, 11),(6, 12),(7, 1),(7, 2),(7, 3),(7, 4),(7, 6),(7, 8),(7, 10),(7, 11),(7, 12),(8, 1),(8, 2),(8, 3),(8, 4),(8, 5),(8, 7),(8, 9),(8, 11),(8, 12),(9, 1),(9, 2),(9, 3),(9, 4),(9, 5),(9, 6),(9, 8),(9, 10),(9, 12),(10, 1),(10, 2),(10, 3),(10, 4),(10, 5),(10, 6),(10, 7),(10, 9),(10, 11),(11, 1),(11, 2),(11, 3),(11, 4),(11, 5),(11, 6),(11, 7),(11, 8),(11, 10),(11, 12),(12, 1),(12, 2),(12, 3),(12, 4),(12, 5),(12, 6),(12, 7),(12, 8),(12, 9),(12, 11)}
C-c_6-c_9 = {(1, 2),(1, 3),(1, 5),(1, 6),(1, 7),(1, 8),(1, 9),(1, 10),(1, 11),(1, 12),(2, 1),(2, 3),(2, 4),(2, 6),(2, 7),(2, 8),(2, 9),(2, 10),(2, 11),(2, 12),(3, 1),(3, 2),(3, 4),(3, 5),(3, 7),(3, 8),(3, 9),(3, 10),(3, 11),(3, 12),(4, 2),(4, 3),(4, 5),(4, 6),(4, 8),(4, 9),(4, 10),(4, 11),(4, 12),(5, 1),(5, 3),(5, 4),(5, 6),(5, 7),(5, 9),(5, 10),(5, 11),(5, 12),(6, 1),(6, 2),(6, 4),(6, 5),(6, 7),(6, 8),(6, 10),(6, 11),(6, 12),(7, 1),(7, 2),(7, 3),(7, 5),(7, 6),(7, 8),(7, 9),(7, 11),(7, 12),(8, 1),(8, 2),(8, 3),(8, 4),(8, 6),(8, 7),(8, 9),(8, 10),(8, 12),(9, 1),(9, 2),(9, 3),(9, 4),(9, 5),(9, 7),(9, 8),(9, 10),(9, 11),(10, 1),(10, 2),(10, 3),(10, 4),(10, 5),(10, 6),(10, 8),(10, 9),(10, 11),(10, 12),(11, 1),(11, 2),(11, 3),(11, 4),(11, 5),(11, 6),(11, 7),(11, 9),(11, 10),(11, 12),(12, 1),(12, 2),(12, 3),(12, 4),(12, 5),(12, 6),(12, 7),(12, 8),(12, 10),(12, 11)}
C-c_6-c_10 = {(1, 2),(1, 3),(1, 4),(1, 6),(1, 7),(1, 8),(1, 9),(1, 10),(1, 11),(1, 12),(2, 1),(2, 3),(2, 4),(2, 5),(2, 7),(2, 8),(2, 9),(2, 10),(2, 11),(2, 12),(3, 1),(3, 2),(3, 4),(3, 5),(3, 6),(3, 8),(3, 9),(3, 10),(3, 11),(3, 12),(4, 1),(4, 2),(4, 3),(4, 5),(4, 6),(4, 7),(4, 9),(4, 10),(4, 11),(4, 12),(5, 2),(5, 3),(5, 4),(5, 6),(5, 7),(5, 8),(5, 10),(5, 11),(5, 12),(6, 1),(6, 3),(6, 4),(6, 5),(6, 7),(6, 8),(6, 9),(6, 11),(6, 12),(7, 1),(7, 2),(7, 4),(7, 5),(7, 6),(7, 8),(7, 9),(7, 10),(7, 12),(8, 1),(8, 2),(8, 3),(8, 5),(8, 6),(8, 7),(8, 9),(8, 10),(8, 11),(9, 1),(9, 2),(9, 3),(9, 4),(9, 6),(9, 7),(9, 8),(9, 10),(9, 11),(9, 12),(10, 1),(10, 2),(10, 3),(10, 4),(10, 5),(10, 7),(10, 8),(10, 9),(10, 11),(10, 12),(11, 1),(11, 2),(11, 3),(11, 4),(11, 5),(11, 6),(11, 8),(11, 9),(11, 10),(11, 12),(12, 1),(12, 2),(12, 3),(12, 4),(12, 5),(12, 6),(12, 7),(12, 9),(12, 10),(12, 11)}
C-c_6-c_11 = {(1, 2),(1, 3),(1, 4),(1, 5),(1, 7),(1, 8),(1, 9),(1, 10),(1, 11),(1, 12),(2, 1),(2, 3),(2, 4),(2, 5),(2, 6),(2, 8),(2, 9),(2, 10),(2, 11),(2, 12),(3, 1),(3, 2),(3, 4),(3, 5),(3, 6),(3, 7),(3, 9),(3, 10),(3, 11),(3, 12),(4, 1),(4, 2),(4, 3),(4, 5),(4, 6),(4, 7),(4, 8),(4, 10),(4, 11),(4, 12),(5, 1),(5, 2),(5, 3),(5, 4),(5, 6),(5, 7),(5, 8),(5, 9),(5, 11),(5, 12),(6, 2),(6, 3),(6, 4),(6, 5),(6, 7),(6, 8),(6, 9),(6, 10),(6, 12),(7, 1),(7, 3),(7, 4),(7, 5),(7, 6),(7, 8),(7, 9),(7, 10),(7, 11),(8, 1),(8, 2),(8, 4),(8, 5),(8, 6),(8, 7),(8, 9),(8, 10),(8, 11),(8, 12),(9, 1),(9, 2),(9, 3),(9, 5),(9, 6),(9, 7),(9, 8),(9, 10),(9, 11),(9, 12),(10, 1),(10, 2),(10, 3),(10, 4),(10, 6),(10, 7),(10, 8),(10, 9),(10, 11),(10, 12),(11, 1),(11, 2),(11, 3),(11, 4),(11, 5),(11, 7),(11, 8),(11, 9),(11, 10),(11, 12),(12, 1),(12, 2),(12, 3),(12, 4),(12, 5),(12, 6),(12, 8),(12, 9),(12, 10),(12, 11)}
C-c_6-c_12 = {(1, 2),(1, 3),(1, 4),(1, 5),(1, 6),(1, 8),(1, 9),(1, 10),(1, 11),(1, 12),(2, 1),(2, 3),(2, 4),(2, 5),(2, 6),(2, 7),(2, 9),(2, 10),(2, 11),(2, 12),(3, 1),(3, 2),(3, 4),(3, 5),(3, 6),(3, 7),(3, 8),(3, 10),(3, 11),(3, 12),(4, 1),(4, 2),(4, 3),(4, 5),(4, 6),(4, 7),(4, 8),(4, 9),(4, 11),(4, 12),(5, 1),(5, 2),(5, 3),(5, 4),(5, 6),(5, 7),(5, 8),(5, 9),(5, 10),(5, 12),(6, 1),(6, 2),(6, 3),(6, 4),(6, 5),(6, 7),(6, 8),(6, 9),(6, 10),(6, 11),(7, 2),(7, 3),(7, 4),(7, 5),(7, 6),(7, 8),(7, 9),(7, 10),(7, 11),(7, 12),(8, 1),(8, 3),(8, 4),(8, 5),(8, 6),(8, 7),(8, 9),(8, 10),(8, 11),(8, 12),(9, 1),(9, 2),(9, 4),(9, 5),(9, 6),(9, 7),(9, 8),(9, 10),(9, 11),(9, 12),(10, 1),(10, 2),(10, 3),(10, 5),(10, 6),(10, 7),(10, 8),(10, 9),(10, 11),(10, 12),(11, 1),(11, 2),(11, 3),(11, 4),(11, 6),(11, 7),(11, 8),(11, 9),(11, 10),(11, 12),(12, 1),(12, 2),(12, 3),(12, 4),(12, 5),(12, 7),(12, 8),(12, 9),(12, 10),(12, 11)}
C-c_7-c_8 = {(1, 3),(1, 4),(1, 5),(1, 6),(1, 7),(1, 8),(1, 9),(1, 10),(1, 11),(1, 12),(2, 4),(2, 5),(2, 6),(2, 7),(2, 8),(2, 9),(2, 10),(2, 11),(2, 12),(3, 1),(3, 5),(3, 6),(3, 7),(3, 8),(3, 9),(3, 10),(3, 11),(3, 12),(4, 1),(4, 2),(4, 6),(4, 7),(4, 8),(4, 9),(4, 10),(4, 11),(4, 12),(5, 1),(5, 2),(5, 3),(5, 7),(5, 8),(5, 9),(5, 10),(5, 11),(5, 12),(6, 1),(6, 2),(6, 3),(6, 4),(6, 8),(6, 9),(6, 10),(6, 11),(6, 12),(7, 1),(7, 2),(7, 3),(7, 4),(7, 5),(7, 9),(7, 10),(7, 11),(7, 12),(8, 1),(8, 2),(8, 3),(8, 4),(8, 5),(8, 6),(8, 10),(8, 11),(8, 12),(9, 1),(9, 2),(9, 3),(9, 4),(9, 5),(9, 6),(9, 7),(9, 11),(9, 12),(10, 1),(10, 2),(10, 3),(10, 4),(10, 5),(10, 6),(10, 7),(10, 8),(10, 12),(11, 1),(11, 2),(11, 3),(11, 4),(11, 5),(11, 6),(11, 7),(11, 8),(11, 9),(12, 1),(12, 2),(12, 3),(12, 4),(12, 5),(12, 6),(12, 7),(12, 8),(12, 9),(12, 10)}
C-c_7-c_9 = {(1, 2),(1, 4),(1, 5),(1, 6),(1, 7),(1, 8),(1, 9),(1, 10),(1, 11),(1, 12),(2, 1),(2, 3),(2, 5),(2, 6),(2, 7),(2, 8),(2, 9),(2, 10),(2, 11),(2, 12),(3, 2),(3, 4),(3, 6),(3, 7),(3, 8),(3, 9),(3, 10),(3, 11),(3, 12),(4, 1),(4, 3),(4, 5),(4, 7),(4, 8),(4, 9),(4, 10),(4, 11),(4, 12),(5, 1),(5, 2),(5, 4),(5, 6),(5, 8),(5, 9),(5, 10),(5, 11),(5, 12),(6, 1),(6, 2),(6, 3),(6, 5),(6, 7),(6, 9),(6, 10),(6, 11),(6, 12),(7, 1),(7, 2),(7, 3),(7, 4),(7, 6),(7, 8),(7, 10),(7, 11),(7, 12),(8, 1),(8, 2),(8, 3),(8, 4),(8, 5),(8, 7),(8, 9),(8, 11),(8, 12),(9, 1),(9, 2),(9, 3),(9, 4),(9, 5),(9, 6),(9, 8),(9, 10),(9, 12),(10, 1),(10, 2),(10, 3),(10, 4),(10, 5),(10, 6),(10, 7),(10, 9),(10, 11),(11, 1),(11, 2),(11, 3),(11, 4),(11, 5),(11, 6),(11, 7),(11, 8),(11, 10),(11, 12),(12, 1),(12, 2),(12, 3),(12, 4),(12, 5),(12, 6),(12, 7),(12, 8),(12, 9),(12, 11)}
C-c_7-c_10 = {(1, 2),(1, 3),(1, 5),(1, 6),(1, 7),(1, 8),(1, 9),(1, 10),(1, 11),(1, 12),(2, 1),(2, 3),(2, 4),(2, 6),(2, 7),(2, 8),(2, 9),(2, 10),(2, 11),(2, 12),(3, 1),(3, 2),(3, 4),(3, 5),(3, 7),(3, 8),(3, 9),(3, 10),(3, 11),(3, 12),(4, 2),(4, 3),(4, 5),(4, 6),(4, 8),(4, 9),(4, 10),(4, 11),(4, 12),(5, 1),(5, 3),(5, 4),(5, 6),(5, 7),(5, 9),(5, 10),(5, 11),(5, 12),(6, 1),(6, 2),(6, 4),(6, 5),(6, 7),(6, 8),(6, 10),(6, 11),(6, 12),(7, 1),(7, 2),(7, 3),(7, 5),(7, 6),(7, 8),(7, 9),(7, 11),(7, 12),(8, 1),(8, 2),(8, 3),(8, 4),(8, 6),(8, 7),(8, 9),(8, 10),(8, 12),(9, 1),(9, 2),(9, 3),(9, 4),(9, 5),(9, 7),(9, 8),(9, 10),(9, 11),(10, 1),(10, 2),(10, 3),(10, 4),(10, 5),(10, 6),(10, 8),(10, 9),(10, 11),(10, 12),(11, 1),(11, 2),(11, 3),(11, 4),(11, 5),(11, 6),(11, 7),(11, 9),(11, 10),(11, 12),(12, 1),(12, 2),(12, 3),(12, 4),(12, 5),(12, 6),(12, 7),(12, 8),(12, 10),(12, 11)}
C-c_7-c_11 = {(1, 2),(1, 3),(1, 4),(1, 6),(1, 7),(1, 8),(1, 9),(1, 10),(1, 11),(1, 12),(2, 1),(2, 3),(2, 4),(2, 5),(2, 7),(2, 8),(2, 9),(2, 10),(2, 11),(2, 12),(3, 1),(3, 2),(3, 4),(3, 5),(3, 6),(3, 8),(3, 9),(3, 10),(3, 11),(3, 12),(4, 1),(4, 2),(4, 3),(4, 5),(4, 6),(4, 7),(4, 9),(4, 10),(4, 11),(4, 12),(5, 2),(5, 3),(5, 4),(5, 6),(5, 7),(5, 8),(5, 10),(5, 11),(5, 12),(6, 1),(6, 3),(6, 4),(6, 5),(6, 7),(6, 8),(6, 9),(6, 11),(6, 12),(7, 1),(7, 2),(7, 4),(7, 5),(7, 6),(7, 8),(7, 9),(7, 10),(7, 12),(8, 1),(8, 2),(8, 3),(8, 5),(8, 6),(8, 7),(8, 9),(8, 10),(8, 11),(9, 1),(9, 2),(9, 3),(9, 4),(9, 6),(9, 7),(9, 8),(9, 10),(9, 11),(9, 12),(10, 1),(10, 2),(10, 3),(10, 4),(10, 5),(10, 7),(10, 8),(10, 9),(10, 11),(10, 12),(11, 1),(11, 2),(11, 3),(11, 4),(11, 5),(11, 6),(11, 8),(11, 9),(11, 10),(11, 12),(12, 1),(12, 2),(12, 3),(12, 4),(12, 5),(12, 6),(12, 7),(12, 9),(12, 10),(12, 11)}
C-c_7-c_12 = {(1, 2),(1, 3),(1, 4),(1, 5),(1, 7),(1, 8),(1, 9),(1, 10),(1, 11),(1, 12),(2, 1),(2, 3),(2, 4),(2, 5),(2, 6),(2, 8),(2, 9),(2, 10),(2, 11),(2, 12),(3, 1),(3, 2),(3, 4),(3, 5),(3, 6),(3, 7),(3, 9),(3, 10),(3, 11),(3, 12),(4, 1),(4, 2),(4, 3),(4, 5),(4, 6),(4, 7),(4, 8),(4, 10),(4, 11),(4, 12),(5, 1),(5, 2),(5, 3),(5, 4),(5, 6),(5, 7),(5, 8),(5, 9),(5, 11),(5, 12),(6, 2),(6, 3),(6, 4),(6, 5),(6, 7),(6, 8),(6, 9),(6, 10),(6, 12),(7, 1),(7, 3),(7, 4),(7, 5),(7, 6),(7, 8),(7, 9),(7, 10),(7, 11),(8, 1),(8, 2),(8, 4),(8, 5),(8, 6),(8, 7),(8, 9),(8, 10),(8, 11),(8, 12),(9, 1),(9, 2),(9, 3),(9, 5),(9, 6),(9, 7),(9, 8),(9, 10),(9, 11),(9, 12),(10, 1),(10, 2),(10, 3),(10, 4),(10, 6),(10, 7),(10, 8),(10, 9),(10, 11),(10, 12),(11, 1),(11, 2),(11, 3),(11, 4),(11, 5),(11, 7),(11, 8),(11, 9),(11, 10),(11, 12),(12, 1),(12, 2),(12, 3),(12, 4),(12, 5),(12, 6),(12, 8),(12, 9),(12, 10),(12, 11)}
C-c_8-c_9 = {(1, 3),(1, 4),(1, 5),(1, 6),(1, 7),(1, 8),(1, 9),(1, 10),(1, 11),(1, 12),(2, 4),(2, 5),(2, 6),(2, 7),(2, 8),(2, 9),(2, 10),(2, 11),(2, 12),(3, 1),(3, 5),(3, 6),(3, 7),(3, 8),(3, 9),(3, 10),(3, 11),(3, 12),(4, 1),(4, 2),(4, 6),(4, 7),(4, 8),(4, 9),(4, 10),(4, 11),(4, 12),(5, 1),(5, 2),(5, 3),(5, 7),(5, 8),(5, 9),(5, 10),(5, 11),(5, 12),(6, 1),(6, 2),(6, 3),(6, 4),(6, 8),(6, 9),(6, 10),(6, 11),(6, 12),(7, 1),(7, 2),(7, 3),(7, 4),(7, 5),(7, 9),(7, 10),(7, 11),(7, 12),(8, 1),(8, 2),(8, 3),(8, 4),(8, 5),(8, 6),(8, 10),(8, 11),(8, 12),(9, 1),(9, 2),(9, 3),(9, 4),(9, 5),(9, 6),(9, 7),(9, 11),(9, 12),(10, 1),(10, 2),(10, 3),(10, 4),(10, 5),(10, 6),(10, 7),(10, 8),(10, 12),(11, 1),(11, 2),(11, 3),(11, 4),(11, 5),(11, 6),(11, 7),(11, 8),(11, 9),(12, 1),(12, 2),(12, 3),(12, 4),(12, 5),(12, 6),(12, 7),(12, 8),(12, 9),(12, 10)}
C-c_8-c_10 = {(1, 2),(1, 4),(1, 5),(1, 6),(1, 7),(1, 8),(1, 9),(1, 10),(1, 11),(1, 12),(2, 1),(2, 3),(2, 5),(2, 6),(2, 7),(2, 8),(2, 9),(2, 10),(2, 11),(2, 12),(3, 2),(3, 4),(3, 6),(3, 7),(3, 8),(3, 9),(3, 10),(3, 11),(3, 12),(4, 1),(4, 3),(4, 5),(4, 7),(4, 8),(4, 9),(4, 10),(4, 11),(4, 12),(5, 1),(5, 2),(5, 4),(5, 6),(5, 8),(5, 9),(5, 10),(5, 11),(5, 12),(6, 1),(6, 2),(6, 3),(6, 5),(6, 7),(6, 9),(6, 10),(6, 11),(6, 12),(7, 1),(7, 2),(7, 3),(7, 4),(7, 6),(7, 8),(7, 10),(7, 11),(7, 12),(8, 1),(8, 2),(8, 3),(8, 4),(8, 5),(8, 7),(8, 9),(8, 11),(8, 12),(9, 1),(9, 2),(9, 3),(9, 4),(9, 5),(9, 6),(9, 8),(9, 10),(9, 12),(10, 1),(10, 2),(10, 3),(10, 4),(10, 5),(10, 6),(10, 7),(10, 9),(10, 11),(11, 1),(11, 2),(11, 3),(11, 4),(11, 5),(11, 6),(11, 7),(11, 8),(11, 10),(11, 12),(12, 1),(12, 2),(12, 3),(12, 4),(12, 5),(12, 6),(12, 7),(12, 8),(12, 9),(12, 11)}
C-c_8-c_11 = {(1, 2),(1, 3),(1, 5),(1, 6),(1, 7),(1, 8),(1, 9),(1, 10),(1, 11),(1, 12),(2, 1),(2, 3),(2, 4),(2, 6),(2, 7),(2, 8),(2, 9),(2, 10),(2, 11),(2, 12),(3, 1),(3, 2),(3, 4),(3, 5),(3, 7),(3, 8),(3, 9),(3, 10),(3, 11),(3, 12),(4, 2),(4, 3),(4, 5),(4, 6),(4, 8),(4, 9),(4, 10),(4, 11),(4, 12),(5, 1),(5, 3),(5, 4),(5, 6),(5, 7),(5, 9),(5, 10),(5, 11),(5, 12),(6, 1),(6, 2),(6, 4),(6, 5),(6, 7),(6, 8),(6, 10),(6, 11),(6, 12),(7, 1),(7, 2),(7, 3),(7, 5),(7, 6),(7, 8),(7, 9),(7, 11),(7, 12),(8, 1),(8, 2),(8, 3),(8, 4),(8, 6),(8, 7),(8, 9),(8, 10),(8, 12),(9, 1),(9, 2),(9, 3),(9, 4),(9, 5),(9, 7),(9, 8),(9, 10),(9, 11),(10, 1),(10, 2),(10, 3),(10, 4),(10, 5),(10, 6),(10, 8),(10, 9),(10, 11),(10, 12),(11, 1),(11, 2),(11, 3),(11, 4),(11, 5),(11, 6),(11, 7),(11, 9),(11, 10),(11, 12),(12, 1),(12, 2),(12, 3),(12, 4),(12, 5),(12, 6),(12, 7),(12, 8),(12, 10),(12, 11)}
C-c_8-c_12 = {(1, 2),(1, 3),(1, 4),(1, 6),(1, 7),(1, 8),(1, 9),(1, 10),(1, 11),(1, 12),(2, 1),(2, 3),(2, 4),(2, 5),(2, 7),(2, 8),(2, 9),(2, 10),(2, 11),(2, 12),(3, 1),(3, 2),(3, 4),(3, 5),(3, 6),(3, 8),(3, 9),(3, 10),(3, 11),(3, 12),(4, 1),(4, 2),(4, 3),(4, 5),(4, 6),(4, 7),(4, 9),(4, 10),(4, 11),(4, 12),(5, 2),(5, 3),(5, 4),(5, 6),(5, 7),(5, 8),(5, 10),(5, 11),(5, 12),(6, 1),(6, 3),(6, 4),(6, 5),(6, 7),(6, 8),(6, 9),(6, 11),(6, 12),(7, 1),(7, 2),(7, 4),(7, 5),(7, 6),(7, 8),(7, 9),(7, 10),(7, 12),(8, 1),(8, 2),(8, 3),(8, 5),(8, 6),(8, 7),(8, 9),(8, 10),(8, 11),(9, 1),(9, 2),(9, 3),(9, 4),(9, 6),(9, 7),(9, 8),(9, 10),(9, 11),(9, 12),(10, 1),(10, 2),(10, 3),(10, 4),(10, 5),(10, 7),(10, 8),(10, 9),(10, 11),(10, 12),(11, 1),(11, 2),(11, 3),(11, 4),(11, 5),(11, 6),(11, 8),(11, 9),(11, 10),(11, 12),(12, 1),(12, 2),(12, 3),(12, 4),(12, 5),(12, 6),(12, 7),(12, 9),(12, 10),(12, 11)}
C-c_9-c_10 = {(1, 3),(1, 4),(1, 5),(1, 6),(1, 7),(1, 8),(1, 9),(1, 10),(1, 11),(1, 12),(2, 4),(2, 5),(2, 6),(2, 7),(2, 8),(2, 9),(2, 10),(2, 11),(2, 12),(3, 1),(3, 5),(3, 6),(3, 7),(3, 8),(3, 9),(3, 10),(3, 11),(3, 12),(4, 1),(4, 2),(4, 6),(4, 7),(4, 8),(4, 9),(4, 10),(4, 11),(4, 12),(5, 1),(5, 2),(5, 3),(5, 7),(5, 8),(5, 9),(5, 10),(5, 11),(5, 12),(6, 1),(6, 2),(6, 3),(6, 4),(6, 8),(6, 9),(6, 10),(6, 11),(6, 12),(7, 1),(7, 2),(7, 3),(7, 4),(7, 5),(7, 9),(7, 10),(7, 11),(7, 12),(8, 1),(8, 2),(8, 3),(8, 4),(8, 5),(8, 6),(8, 10),(8, 11),(8, 12),(9, 1),(9, 2),(9, 3),(9, 4),(9, 5),(9, 6),(9, 7),(9, 11),(9, 12),(10, 1),(10, 2),(10, 3),(10, 4),(10, 5),(10, 6),(10, 7),(10, 8),(10, 12),(11, 1),(11, 2),(11, 3),(11, 4),(11, 5),(11, 6),(11, 7),(11, 8),(11, 9),(12, 1),(12, 2),(12, 3),(12, 4),(12, 5),(12, 6),(12, 7),(12, 8),(12, 9),(12, 10)}
C-c_9-c_11 = {(1, 2),(1, 4),(1, 5),(1, 6),(1, 7),(1, 8),(1, 9),(1, 10),(1, 11),(1, 12),(2, 1),(2, 3),(2, 5),(2, 6),(2, 7),(2, 8),(2, 9),(2, 10),(2, 11),(2, 12),(3, 2),(3, 4),(3, 6),(3, 7),(3, 8),(3, 9),(3, 10),(3, 11),(3, 12),(4, 1),(4, 3),(4, 5),(4, 7),(4, 8),(4, 9),(4, 10),(4, 11),(4, 12),(5, 1),(5, 2),(5, 4),(5, 6),(5, 8),(5, 9),(5, 10),(5, 11),(5, 12),(6, 1),(6, 2),(6, 3),(6, 5),(6, 7),(6, 9),(6, 10),(6, 11),(6, 12),(7, 1),(7, 2),(7, 3),(7, 4),(7, 6),(7, 8),(7, 10),(7, 11),(7, 12),(8, 1),(8, 2),(8, 3),(8, 4),(8, 5),(8, 7),(8, 9),(8, 11),(8, 12),(9, 1),(9, 2),(9, 3),(9, 4),(9, 5),(9, 6),(9, 8),(9, 10),(9, 12),(10, 1),(10, 2),(10, 3),(10, 4),(10, 5),(10, 6),(10, 7),(10, 9),(10, 11),(11, 1),(11, 2),(11, 3),(11, 4),(11, 5),(11, 6),(11, 7),(11, 8),(11, 10),(11, 12),(12, 1),(12, 2),(12, 3),(12, 4),(12, 5),(12, 6),(12, 7),(12, 8),(12, 9),(12, 11)}
C-c_9-c_12 = {(1, 2),(1, 3),(1, 5),(1, 6),(1, 7),(1, 8),(1, 9),(1, 10),(1, 11),(1, 12),(2, 1),(2, 3),(2, 4),(2, 6),(2, 7),(2, 8),(2, 9),(2, 10),(2, 11),(2, 12),(3, 1),(3, 2),(3, 4),(3, 5),(3, 7),(3, 8),(3, 9),(3, 10),(3, 11),(3, 12),(4, 2),(4, 3),(4, 5),(4, 6),(4, 8),(4, 9),(4, 10),(4, 11),(4, 12),(5, 1),(5, 3),(5, 4),(5, 6),(5, 7),(5, 9),(5, 10),(5, 11),(5, 12),(6, 1),(6, 2),(6, 4),(6, 5),(6, 7),(6, 8),(6, 10),(6, 11),(6, 12),(7, 1),(7, 2),(7, 3),(7, 5),(7, 6),(7, 8),(7, 9),(7, 11),(7, 12),(8, 1),(8, 2),(8, 3),(8, 4),(8, 6),(8, 7),(8, 9),(8, 10),(8, 12),(9, 1),(9, 2),(9, 3),(9, 4),(9, 5),(9, 7),(9, 8),(9, 10),(9, 11),(10, 1),(10, 2),(10, 3),(10, 4),(10, 5),(10, 6),(10, 8),(10, 9),(10, 11),(10, 12),(11, 1),(11, 2),(11, 3),(11, 4),(11, 5),(11, 6),(11, 7),(11, 9),(11, 10),(11, 12),(12, 1),(12, 2),(12, 3),(12, 4),(12, 5),(12, 6),(12, 7),(12, 8),(12, 10),(12, 11)}
C-c_10-c_11 = {(1, 3),(1, 4),(1, 5),(1, 6),(1, 7),(1, 8),(1, 9),(1, 10),(1, 11),(1, 12),(2, 4),(2, 5),(2, 6),(2, 7),(2, 8),(2, 9),(2, 10),(2, 11),(2, 12),(3, 1),(3, 5),(3, 6),(3, 7),(3, 8),(3, 9),(3, 10),(3, 11),(3, 12),(4, 1),(4, 2),(4, 6),(4, 7),(4, 8),(4, 9),(4, 10),(4, 11),(4, 12),(5, 1),(5, 2),(5, 3),(5, 7),(5, 8),(5, 9),(5, 10),(5, 11),(5, 12),(6, 1),(6, 2),(6, 3),(6, 4),(6, 8),(6, 9),(6, 10),(6, 11),(6, 12),(7, 1),(7, 2),(7, 3),(7, 4),(7, 5),(7, 9),(7, 10),(7, 11),(7, 12),(8, 1),(8, 2),(8, 3),(8, 4),(8, 5),(8, 6),(8, 10),(8, 11),(8, 12),(9, 1),(9, 2),(9, 3),(9, 4),(9, 5),(9, 6),(9, 7),(9, 11),(9, 12),(10, 1),(10, 2),(10, 3),(10, 4),(10, 5),(10, 6),(10, 7),(10, 8),(10, 12),(11, 1),(11, 2),(11, 3),(11, 4),(11, 5),(11, 6),(11, 7),(11, 8),(11, 9),(12, 1),(12, 2),(12, 3),(12, 4),(12, 5),(12, 6),(12, 7),(12, 8),(12, 9),(12, 10)}
C-c_10-c_12 = {(1, 2),(1, 4),(1, 5),(1, 6),(1, 7),(1, 8),(1, 9),(1, 10),(1, 11),(1, 12),(2, 1),(2, 3),(2, 5),(2, 6),(2, 7),(2, 8),(2, 9),(2, 10),(2, 11),(2, 12),(3, 2),(3, 4),(3, 6),(3, 7),(3, 8),(3, 9),(3, 10),(3, 11),(3, 12),(4, 1),(4, 3),(4, 5),(4, 7),(4, 8),(4, 9),(4, 10),(4, 11),(4, 12),(5, 1),(5, 2),(5, 4),(5, 6),(5, 8),(5, 9),(5, 10),(5, 11),(5, 12),(6, 1),(6, 2),(6, 3),(6, 5),(6, 7),(6, 9),(6, 10),(6, 11),(6, 12),(7, 1),(7, 2),(7, 3),(7, 4),(7, 6),(7, 8),(7, 10),(7, 11),(7, 12),(8, 1),(8, 2),(8, 3),(8, 4),(8, 5),(8, 7),(8, 9),(8, 11),(8, 12),(9, 1),(9, 2),(9, 3),(9, 4),(9, 5),(9, 6),(9, 8),(9, 10),(9, 12),(10, 1),(10, 2),(10, 3),(10, 4),(10, 5),(10, 6),(10, 7),(10, 9),(10, 11),(11, 1),(11, 2),(11, 3),(11, 4),(11, 5),(11, 6),(11, 7),(11, 8),(11, 10),(11, 12),(12, 1),(12, 2),(12, 3),(12, 4),(12, 5),(12, 6),(12, 7),(12, 8),(12, 9),(12, 11)}
C-c_11-c_12 = {(1, 3),(1, 4),(1, 5),(1, 6),(1, 7),(1, 8),(1, 9),(1, 10),(1, 11),(1, 12),(2, 4),(2, 5),(2, 6),(2, 7),(2, 8),(2, 9),(2, 10),(2, 11),(2, 12),(3, 1),(3, 5),(3, 6),(3, 7),(3, 8),(3, 9),(3, 10),(3, 11),(3, 12),(4, 1),(4, 2),(4, 6),(4, 7),(4, 8),(4, 9),(4, 10),(4, 11),(4, 12),(5, 1),(5, 2),(5, 3),(5, 7),(5, 8),(5, 9),(5, 10),(5, 11),(5, 12),(6, 1),(6, 2),(6, 3),(6, 4),(6, 8),(6, 9),(6, 10),(6, 11),(6, 12),(7, 1),(7, 2),(7, 3),(7, 4),(7, 5),(7, 9),(7, 10),(7, 11),(7, 12),(8, 1),(8, 2),(8, 3),(8, 4),(8, 5),(8, 6),(8, 10),(8, 11),(8, 12),(9, 1),(9, 2),(9, 3),(9, 4),(9, 5),(9, 6),(9, 7),(9, 11),(9, 12),(10, 1),(10, 2),(10, 3),(10, 4),(10, 5),(10, 6),(10, 7),(10, 8),(10, 12),(11, 1),(11, 2),(11, 3),(11, 4),(11, 5),(11, 6),(11, 7),(11, 8),(11, 9),(12, 1),(12, 2),(12, 3),(12, 4),(12, 5),(12, 6),(12, 7),(12, 8),(12, 9),(12, 10)}
